0.0660508	0.359467
0.305077	1.0392
0.0523071	1.46464
0.117914	0.22666
0.0678065	2.04203
0.0468549	0.686556
0.245646	0.468154
0.128432	1.75532
0.151978	1.88847
0.109448	0.838245
0.333146	0.949812
0.392047	0.6108
0.445143	0.302354
0.0670506	1.7511
0.426277	0.600827
0.0356287	0.33524
0.0827353	1.04772
0.162073	0.178279
0.0640078	1.06636
0.347441	0.403849
0.222522	1.65394
0.059743	0.91941
0.235781	1.21155
0.124707	1.7142
0.1231	1.15041
0.231263	0.880179
0.192715	1.88073
0.0444067	1.36038
0.115043	1.82636
0.325833	0.502812
0.0504723	0.770696
0.106285	1.66673
0.195491	0.50187
0.108893	0.860086
0.233191	1.56707
0.107632	1.65585
0.016579	1.04764
0.112633	1.21269
0.245494	0.584031
0.0840452	1.48407
0.159811	0.250009
0.49986	0.252151
0.266853	0.614523
0.277384	0.687856
0.294397	1.14903
0.056444	1.22517
0.039987	1.53591
0.135616	2.45809
0.160603	1.99737
0.134978	2.07607
0.170404	0.809379
0.289649	1.26011
0.162314	2.10798
0.411567	0.223969
0.0462268	1.40749
0.00224213	2.18675
0.184605	1.53442
0.435284	0.439329
0.174666	1.66961
0.106925	0.819049
0.14083	1.87569
0.157311	0.7227
0.190703	1.03249
0.18354	0.452076
0.30205	0.864911
0.413263	0.396484
0.0788169	2.65992
0.131454	0.751007
0.0458473	2.08477
0.242348	0.640145
0.0717043	0.235009
0.0919716	0.500882
0.213661	1.14432
0.168991	1.21906
0.36814	0.542538
0.215465	0.509298
0.124495	1.9666
0.0585302	0.884795
0.305172	1.2703
0.292244	0.83978
0.244744	0.854426
0.265885	0.889633
0.351693	0.916178
0.289192	0.561815
0.14759	0.43628
0.00850969	0.514252
0.185639	1.67906
0.226527	0.611699
0.0633395	0.531837
0.0237255	2.61644
0.374887	0.785288
0.168395	1.17328
0.332723	1.02835
0.039947	1.55776
0.0552344	1.49001
0.0874962	0.763704
0.250002	0.695998
0.0123252	2.60438
0.183535	1.1197
0.123414	0.768994
0.158648	1.17206
0.0781086	2.0703
0.340023	0.815067
0.0771135	0.551603
0.0917012	0.899885
0.0293418	0.190899
0.183948	0.759431
0.0512601	1.21062
0.165339	0.345964
0.301983	0.949591
0.131121	1.34738
0.25541	0.873228
0.0564828	0.430331
0.0891941	1.0284
0.0854554	1.06678
0.0882844	1.95738
0.262111	0.629531
0.309311	1.02327
0.154049	0.359592
0.166615	0.505671
0.0870728	0.956366
0.0711441	1.66092
0.0937229	2.10727
0.201839	1.11143
0.262073	0.435802
0.223177	1.39474
0.0342783	0.216194
0.0736363	1.66314
0.00344609	0.614871
0.189998	1.72661
0.182592	0.925418
0.313369	0.641552
0.179924	1.43995
0.119802	2.27555
0.107244	2.0788
0.102517	0.529706
0.486722	0.353043
0.0727194	1.8555
0.191309	1.16978
0.309112	1.21043
0.305389	1.10823
0.0347175	2.83558
0.406309	0.806725
0.225629	1.38057
0.31391	1.02959
0.229568	1.30481
0.113885	1.03386
0.120899	0.684596
0.343832	1.09696
0.163164	1.0859
0.296376	1.30411
0.100659	1.73617
0.111809	1.30019
0.378042	0.601488
0.106524	1.17429
0.165109	0.744049
0.137109	1.95234
0.169143	0.923859
0.135814	0.723234
0.0768269	0.56424
0.0660553	2.0987
0.315577	0.0694306
0.129561	1.16961
0.0918494	0.567888
0.0844992	1.48654
0.0189531	1.98881
0.186231	1.53622
0.274624	1.34865
0.201613	1.30471
0.0928835	0.771205
0.151368	1.27621
0.175269	0.376587
0.344949	0.777382
0.0556365	1.10211
0.172407	1.95128
0.0152061	2.14955
0.186345	1.28624
0.0477017	1.38737
0.0914617	0.979177
0.244805	0.726586
0.0339899	0.341117
0.400662	0.316911
0.101248	0.973061
0.183094	1.46437
0.0206603	0.45853
0.0353301	1.39119
0.0962745	0.489413
0.0228966	0.623134
0.101591	1.26471
0.127531	2.2234
0.237496	1.35942
0.0372662	0.576494
0.038772	0.983834
0.397174	0.587119
0.11107	0.928896
0.462429	0.231406
0.103396	1.3153
0.0709293	2.49542
0.156509	0.369969
0.292663	1.01392
0.0281081	0.948774
0.168097	1.01865
0.449546	0.599251
0.200199	1.45782
0.339378	1.11116
0.067942	1.67938
0.153185	1.44786
0.192326	1.58862
0.0120127	1.623
0.327508	0.166144
0.0791952	0.478957
0.139716	0.949182
0.298736	1.19035
0.115083	0.841362
0.196823	1.54028
0.0816125	1.81243
0.153582	1.31352
0.179193	1.91273
0.15861	1.46017
0.325018	0.916407
0.150877	0.984243
0.217564	0.726217
0.0444269	2.52483
0.0164815	2.06926
0.219846	1.36179
0.179832	0.761045
0.400624	0.352329
0.271637	1.00112
0.217805	1.26853
0.36759	0.954965
0.0676193	0.953467
0.197655	1.18919
0.350854	0.278457
0.238966	1.02614
0.0903749	0.708437
0.29543	0.379282
0.36134	0.928626
0.159147	1.22627
0.0367554	0.541996
0.147274	1.52538
0.113906	2.11126
0.30186	1.08435
0.0457489	0.90789
0.359625	0.864242
0.105956	1.58222
0.362634	0.944178
0.252142	0.569621
0.0736165	2.41544
0.0118429	1.76637
0.190149	1.35499
0.237463	0.508117
0.0710937	2.06856
0.315999	0.679187
0.12764	1.50294
0.344033	1.06222
0.350954	0.26857
0.286679	1.33522
0.261091	0.882408
0.117245	2.36599
0.134567	2.49193
0.0842162	0.645573
0.23666	1.40104
0.19699	1.50128
0.00237642	1.59018
0.0502024	2.2595
0.0918737	1.15256
0.216021	0.315447
0.179634	1.08752
0.00791327	0.340439
0.339935	0.619745
0.0618772	0.732745
0.335417	1.02329
0.294231	0.763105
0.128558	0.722458
0.355341	0.988673
0.0337226	2.5153
0.305611	1.18166
0.311358	0.956597
0.196445	1.27227
0.469073	0.461543
0.289467	0.967977
0.0826426	0.0622707
0.128806	1.79964
0.187876	1.13429
0.409383	0.097317
0.0609184	0.944417
0.0743193	0.473484
0.289798	0.362244
0.0893161	1.06828
0.272099	0.212851
0.292278	0.707418
0.201107	0.646257
0.100101	0.609176
0.0981186	1.48165
0.330282	0.448301
0.0924066	1.40136
0.38139	0.446981
0.432479	0.580575
0.303663	0.968698
0.179934	1.88037
0.143908	2.13378
0.0385969	0.783024
0.344657	0.221811
0.224354	0.207105
0.127887	1.9297
0.402076	0.282039
0.0395363	0.442977
0.120272	1.65297
0.0890863	0.735933
0.236046	1.57618
0.0939429	2.11659
0.281428	0.889337
0.157299	1.53567
0.107646	1.16251
0.09827	2.90936
0.292733	1.31826
0.158849	1.85012
0.0199619	0.917689
0.292786	0.91736
0.294287	1.209
0.347188	0.861378
0.389919	0.466792
0.385211	0.775887
0.160529	1.10838
0.374168	0.554885
0.102825	2.7756
0.326085	0.428304
0.204124	1.53686
0.362616	0.674425
0.0267945	1.27208
0.266647	0.936649
0.425353	0.559953
0.167896	1.23863
0.10161	1.0122
0.349894	1.02013
0.0907739	1.86354
0.139583	1.44278
0.204355	1.64759
0.116839	1.49984
0.186122	1.82614
0.170259	1.54436
0.125909	1.70749
0.165904	0.627154
0.00359168	2.26739
0.205358	0.500534
0.235648	0.962031
0.217676	0.324696
0.0410047	1.26813
0.184378	0.399313
0.348201	0.531234
0.132495	1.59047
0.193101	1.10104
0.0433383	2.66878
0.0915752	0.716994
0.145549	0.960884
0.367487	0.83655
0.448255	0.294084
0.18871	1.41881
0.386906	0.411793
0.369888	0.32983
0.194668	1.43763
0.202348	0.986109
0.0112186	1.41345
0.297827	0.950901
0.307678	1.22161
0.298196	1.04544
0.12178	1.12498
0.362224	0.755104
0.407305	0.578878
0.330928	1.07896
0.162797	1.57394
0.265195	0.229682
0.049801	1.25973
0.0279875	2.68463
0.0589136	2.86904
0.0286948	0.887161
0.154271	1.77785
0.043762	2.2174
0.0446219	0.869161
0.0314548	2.28812
0.18024	0.964968
0.417141	0.383935
0.228811	1.39233
0.186674	0.521228
0.0906147	0.658449
0.291892	1.04598
0.0499763	0.469921
0.199369	1.76175
0.0437222	0.132867
0.154493	1.43502
0.0835724	2.60534
0.0796955	1.74236
0.141121	1.20082
0.194426	0.476334
0.346905	0.793105
0.10904	1.94981
0.320335	1.08922
0.189231	1.10163
0.108643	1.43676
0.203317	1.17803
0.0823735	0.154098
0.126752	2.6223
0.368766	0.248084
0.0920797	0.828923
0.262891	0.607575
0.406652	0.568486
0.155413	2.13546
0.306524	1.11122
0.0856981	0.472739
0.403206	0.0471741
0.115722	0.118515
0.265321	0.463038
0.140187	2.03073
0.100303	1.12536
0.0389019	1.88933
0.364296	0.387561
0.27966	0.672879
0.280043	0.65256
0.0237293	0.400122
0.215872	0.762535
0.0509785	2.50356
0.317517	0.667243
0.368374	0.402139
0.197486	0.895111
0.133028	0.889431
0.064681	0.590902
0.181931	0.427365
0.152986	1.84141
0.249266	0.847727
0.188328	1.23795
0.0801578	0.914733
0.273176	1.40335
0.368294	0.805381
0.27164	1.18592
0.272336	0.763175
0.145995	0.838862
0.26742	0.988798
0.115071	2.32672
0.0104977	1.10151
0.13798	0.29322
0.27633	2.03095
0.0564059	0.805595
0.0912286	0.481827
0.309392	0.901178
0.42906	0.232822
0.383366	0.555173
0.0633061	1.6989
0.0954975	0.491006
0.11595	0.828243
0.0855025	0.166892
0.0347681	1.81183
0.0364332	2.37591
0.137961	1.59274
0.226301	1.14384
0.0582511	1.43843
0.12887	0.956809
0.320917	1.20178
0.0884099	0.645268
0.109516	1.92413
0.108027	2.22305
0.170456	1.47715
0.30324	1.15423
0.322123	0.113794
0.0325984	2.63932
0.0849049	1.11718
0.235584	1.52827
0.018398	1.63477
0.19934	0.261231
0.0479214	1.30821
0.405574	0.413898
0.139742	0.390656
0.103529	1.05671
0.201078	1.44995
0.0889166	0.831707
0.069712	1.86174
0.365233	0.648833
0.250595	0.518996
0.196851	0.553756
0.0335427	0.978482
0.244408	0.233604
0.0140574	0.360023
0.305929	0.267515
0.0435163	0.304483
0.488052	0.336524
0.00800381	0.924796
0.158861	1.94422
0.0190689	0.598287
0.0190194	2.91421
0.358456	1.02657
0.318198	0.331552
0.134879	1.19557
0.0270082	1.45336
0.12054	0.834823
0.145147	1.01921
0.0987206	1.97678
0.340403	0.432348
0.266134	0.397763
0.168499	0.676875
0.0198373	1.14577
0.265616	0.999797
0.245213	1.17656
0.319117	0.996933
0.131445	0.676742
0.186906	0.396534
0.103026	0.446176
0	0
0.24755	1.5071
0.0337852	1.32831
0.428663	0.10436
0.110724	2.03171
0.0262322	0.89496
0.181707	1.17552
0.0955898	0.92387
0.0854783	0.52227
0.065641	0.490817
0.307658	0.923889
0.226484	0.782855
0.0499062	0.837648
0.175265	1.68415
0.256404	1.42012
0.118567	0.926407
0.0140213	0.725761
0.174126	1.3353
0.117158	0.808498
0.283867	0.555696
0.363874	0.789715
0.155359	1.29313
0.00485411	1.31391
0.0565677	1.1392
0.258104	0.997035
0.374655	0.971775
0.0961196	1.98767
0.0272111	0.440695
0.290609	0.856875
0.208179	1.6965
0.233871	1.23256
0.122763	0.700681
0.209547	0.45524
0.132792	1.97339
0.457935	0.570221
0.366121	0.682321
0.0662243	1.98453
0.418361	0.225549
0.259819	0.824548
0.0937614	2.14792
0.173948	0.473393
0.0241007	1.64733
0.0845046	1.35127
0.135331	2.2517
0.148885	2.06255
0.0704715	1.45759
0.0408278	2.21345
0.482865	0.251124
0.192707	1.88594
0.291215	0.880966
0.109937	0.654152
0.387976	0.877825
0.444505	0.488181
0.0897061	2.93011
0.0120813	0.524869
0.103968	0.803862
0.196238	1.12612
0.284171	0.41879
0.134995	2.40011
0.055927	0.160982
0.331719	0.589681
0.385457	0.312821
0.0501696	1.85767
0.393162	0.770844
0.0662657	0.532277
0.235356	0.865548
0.358056	0.238224
0.159644	2.1403
0.218106	1.68392
0.218861	1.48251
0.124424	1.78518
0.0135216	1.28396
0.14316	1.09626
0.28902	1.01056
0.371179	0.993031
0.170359	1.6256
0.0523559	0.517591
0.316808	1.17056
0.0657698	2.63083
0.350015	0.816302
0.371285	0.932864
0.37698	0.935407
0.181815	1.26795
0.441706	0.415038
0.0407525	1.90698
0.0194018	1.83863
0.128004	1.94778
0.359971	0.51719
0.172081	1.57782
0.0676638	1.6116
0.209364	0.870355
0.186701	1.68435
0.151049	2.09443
0.364663	0.861222
0.215737	1.70738
0.391305	0.461363
0.242711	0.612134
0.160832	1.47829
0.0960395	0.493812
0.260556	0.603275
0.0777449	2.8273
0.128881	0.985783
0.35621	0.274879
0.192255	0.951286
0.24112	0.677356
0.037292	1.89182
0.223137	0.274432
0.142025	2.37614
0.160628	1.06312
0.0716696	0.465745
0.137726	0.44193
0.211721	0.929197
0.201533	1.80609
0.343906	0.384617
0.0470194	3.00935
0.376624	0.877806
0.180224	0.699097
0.268516	0.558432
0.0389015	1.87842
0.036921	0.939273
0.033342	0.837363
0.0488059	1.76913
0.0237841	3.01563
0.320968	1.12869
0.0835604	1.22156
0.214883	0.74265
0.149996	1.43672
0.0203933	1.64667
0.209533	1.61249
0.127958	2.47061
0.309512	0.544587
0.0767369	0.952246
0.29837	1.27211
0.234237	0.814497
0.0995988	0.841027
0.0263856	2.84403
0.075919	0.732568
0.106668	2.15526
0.046986	0.501001
0.110288	1.87891
0.0265766	1.16367
0.361406	0.958374
0.019854	1.27808
0.167306	1.95522
0.226133	0.42266
0.189665	0.564591
0.319243	1.01051
0.212559	0.938676
0.297935	0.483936
0.0659369	1.44564
0.314898	0.410967
0.329414	1.15479
0.0555464	0.797726
0.157094	1.29325
0.209042	0.920887
0.422454	0.642205
0.197799	1.44186
0.135217	0.940373
0.448127	0.30399
0.113503	1.62588
0.228922	0.676111
0.119027	1.97593
0.181282	0.510858
0.258492	0.791932
0.0155058	1.30757
0.0316051	1.37696
0.0995556	2.77656
0.140816	1.2468
0.181857	1.1675
0.063016	2.44383
0.369953	0.969175
0.219132	0.737831
0.142564	1.97227
0.150716	0.998173
0.233616	0.488252
0.0199951	0.741931
0.0127855	2.60877
0.0565821	1.4407
0.0339409	0.324139
0.231434	1.28308
0.190288	0.988582
0.124148	1.64748
0.180612	1.77965
0.122488	0.834785
0.31068	0.822171
0.14381	0.803813
0.411014	0.616188
0.38411	0.93523
0.164813	1.19085
0.0541854	1.10769
0.0605062	0.769826
0.0962463	1.76985
0.352253	0.617776
0.134974	1.57308
0.0700158	1.25696
0.130405	1.00321
0.365894	0.828131
0.113296	1.34527
0.351279	0.403792
0.12114	2.21137
0.19773	0.155245
0.106449	1.2217
0.0376846	1.29653
0.326354	1.05591
0.383637	0.486719
0.0814973	1.12236
0.0248656	0.779496
0.132827	1.84521
0.0739598	1.42323
0.46956	0.35748
0.232587	1.10687
0.121058	1.30887
0.0232591	2.5306
0.283106	1.10845
0.0701571	0.693736
0.148226	2.06088
0.147981	2.28437
0.279503	0.877616
0.397968	0.375262
0.187508	0.871069
0.0318704	1.3799
0.234015	1.18785
0.290806	1.22729
0.0467597	2.15709
0.111113	2.16581
0.0644626	1.83363
0.142168	0.576046
0.14088	0.715027
0.0284492	1.42853
0.267797	1.25899
0.254118	1.14536
0.408188	0.279921
0.156687	1.1432
0.0626373	0.367339
0.0354135	1.81989
0.228888	0.968376
0.241112	0.727923
0.440691	0.375743
0.230346	0.810951
0.0543643	2.09199
0.022565	1.3624
0.0382547	0.441682
0.0259253	1.96923
0.133559	0.136469
0.324899	0.518064
0.302528	0.85648
0.147297	1.64662
0.377779	0.447116
0.413453	0.663478
0.406678	0.270105
0.0931273	1.56731
0.0882785	2.33802
0.0246025	2.02928
0.119264	2.0488
0.0268741	1.51231
0.285121	1.27172
0.0147282	0.811586
0.0367387	1.65483
0.0841745	2.15072
0.0621237	0.402014
0.32642	0.192755
0.0126759	2.17098
0.0448945	0.76144
0.279666	1.17185
0.373761	0.824463
0.077419	0.417695
0.0973142	0.430431
0.194886	0.411336
0.120818	2.13255
0.0844432	2.46672
0.261333	1.48582
0.103366	1.8052
0.378345	0.110678
0.396635	0.433075
0.00258715	0.972831
0.0508789	2.78636
0.21765	1.04588
0.205012	0.967598
0.412005	0.393375
0.140134	1.92804
0.252051	0.986576
0.138207	1.15892
0.17632	1.76896
0.097316	2.23787
0.0166988	1.07125
0.162993	1.75968
0.251575	0.885322
0.220465	1.11436
0.029246	1.45962
0.373574	0.906267
0.176593	1.33796
0.388038	0.860258
0.0166598	0.464661
0.243406	0.93001
0.075868	1.20718
0.116501	1.10166
0.206489	1.75825
0.271998	0.652543
0.133377	1.9938
0.062838	1.9097
0.111695	1.46298
0.254078	1.29591
0.204274	1.25021
0.224603	0.260817
0.343843	0.797807
0.0427088	1.0572
0.0762725	0.959952
0.0995608	1.33248
0.347465	0.2674
0.21158	0.741439
0.347632	1.01456
0.0333662	0.297074
0.125348	1.00434
0.127714	1.14802
0.199245	1.41643
0.122018	1.5919
0.298092	1.13918
0.223833	1.66373
0.420264	0.472155
0.345848	0.877841
0.0991914	1.8747
0.17086	0.564056
0.0313204	0.880411
0.174171	1.0384
0.0903401	0.45708
0.477935	0.471976
0.0780443	2.44239
0.0722239	0.16414
0.242611	1.0005
0.0794887	1.25365
0.0131416	0.199648
0.0779992	2.43404
0.0476223	1.52875
0.00954144	1.72936
0.362018	0.933015
0.126568	0.756583
0.146399	0.774033
0.1199	1.6034
0.0513626	0.461979
0.298346	0.976691
0.116827	2.22721
0.176775	0.751781
0.112326	1.69497
0.330524	0.869057
0.350967	0.867854
0.250044	0.156335
0.395354	0.644125
0.0770526	2.37663
0.139268	2.04657
0.0384672	0.156917
0.204312	1.69949
0.0834143	0.919391
0.0681807	1.20086
0.0720607	1.723
0.32314	0.904271
0.0852094	1.21975
0.0117941	0.618403
0.301029	0.623065
0.174778	0.483456
0.185385	1.04089
0.0715214	0.475608
0.173818	1.82664
0.18433	1.52525
0.0959627	0.192992
0.293975	0.13665
0.178847	0.838217
0.0263914	2.93453
0.166341	1.7139
0.143327	1.31165
0.13582	0.431571
0.266278	0.778296
0.0246697	1.8588
0.0582805	1.00877
0.246604	0.761802
0.084067	1.66528
0.0719529	0.804114
0.40988	0.521966
0.212753	0.831912
0.112284	1.00741
0.178293	0.690422
0.163519	1.77417
0.11083	0.491919
0.347728	0.900519
0.499814	0.106924
0.213523	1.27222
0.309844	0.867617
0.121205	2.33166
0.0992292	0.977222
0.247477	1.26334
0.211164	0.723643
0.0666473	1.20575
0.402308	0.597845
0.333526	0.852265
0.434369	0.324336
0.251393	1.17332
0.0454266	2.05261
0.106852	1.26374
0.180981	1.98513
0.138483	0.431031
0.308636	0.647822
0.322258	0.540982
0.127807	0.831697
0.355557	0.784614
0.0128667	1.66185
0.170103	1.14594
0.0888529	2.93708
0.108055	2.33795
0.0493028	2.79214
0.196769	0.734416
0.0884691	1.19868
0.163816	1.50456
0.301357	0.492619
0.414241	0.762325
0.162458	1.21121
0.058179	2.0915
0.344705	0.570457
0.17767	1.98453
0.0720392	1.56934
0.250787	0.948042
0.432289	0.161092
0.433246	0.257403
0.263704	1.41823
0.288671	0.468924
0.0119562	0.423621
0.346043	0.599069
0.309886	1.12985
0.212697	1.23522
0.118451	1.49831
0.212426	1.12116
0.218502	1.40901
0.183079	1.74096
0.27476	1.37252
0.0162829	1.70471
0.0657627	2.08826
0.076837	2.59462
0.084129	1.49873
0.0433954	2.04996
0.129104	1.85305
0.0721862	0.994515
0.335012	1.04839
0.139553	0.8175
0.0601781	1.00374
0.08672	1.08563
0.229283	1.38326
0.167015	1.91366
0.146335	1.07362
0.310923	0.850207
0.037786	2.02161
0.195373	1.09869
0.236514	1.3103
0.280693	1.05373
0.0436024	1.04028
0.0602226	0.233705
0.276789	1.17655
0.047028	1.32782
0.364069	0.549163
0.0243441	0.0862133
0.134076	0.819526
0.322065	1.20841
0.452121	0.508584
0.163617	1.94285
0.154215	1.70056
0.201733	1.15384
0.306374	0.945744
0.2203	0.89828
0.29836	0.245561
0.014677	1.61023
0.0421189	1.19941
0.274631	1.11986
0.0234082	0.195376
0.216519	0.37411
0.235108	1.59917
0.0990186	0.887543
0.255921	1.4997
0.0215073	0.552539
0.108985	0.527033
0.151908	2.12803
0.0153949	0.61851
0.348041	0.752854
0.266215	1.30768
0.363034	1.02736
0.109887	1.7468
0.00308349	2.47408
0.0444852	2.60775
0.0360334	1.90349
0.132758	1.3604
0.105113	1.51565
0.132185	1.07379
0.0173825	0.429666
0.294763	1.32865
0.240933	0.952387
0.0321287	0.56319
0.046846	0.328844
0.193419	1.41297
0.0543938	0.526447
0.11411	2.68824
0.362795	0.474216
0.167818	0.69518
0.0164907	0.780921
0.157362	1.56075
0.0656707	1.06525
0.0982593	1.40606
0.0069961	1.08241
0.129472	0.452369
0.212399	0.689454
0.323646	1.15626
0.437138	0.278137
0.0794055	1.29958
0.445944	0.34646
0.0843619	2.05143
0.200418	0.84214
0.14147	1.15151
0.0126174	2.33313
0.0823283	2.00413
0.331039	0.486234
0.0256527	0.974962
0.046405	0.300562
0.0953414	1.65804
0.0630616	2.15497
0.34839	0.416525
0.238006	1.07694
0.382461	0.588832
0.346933	0.447058
0.0198816	0.343204
0.162246	1.33779
0.155139	0.564774
0.139677	1.15249
0.153349	1.59643
0.166334	0.741678
0.445381	0.298419
0.173435	0.657483
0.086538	0.561278
0.271993	1.30967
0.348909	0.81474
0.196819	0.376796
0.0176978	1.36354
0.141575	0.687693
0.264788	1.0261
0.273065	1.09292
0.109627	1.65702
0.111258	1.39619
0.260286	0.716169
0.229677	1.47043
0.0862592	1.04339
0.332438	0.341946
0.0507989	2.13673
0.111251	0.274494
0.411573	0.687268
0.195869	0.965299
0.320882	0.735401
0.0309874	1.18587
0.134454	1.08512
0.22949	0.241289
0.441741	0.533378
0.270188	0.612505
0.151042	1.17581
0.204748	0.870463
0.031543	1.50927
0.198836	1.23786
0.40485	0.096512
0.269876	0.514114
0.00503015	1.39999
0.215549	0.905906
0.0377148	0.793761
0.172828	0.96203
0.151592	0.551157
0.0920506	1.41491
0.256443	1.42059
0.24519	0.792045
0.107788	1.28981
0.291469	0.711999
0.149381	0.396559
0.0296413	0.390409
0.11693	0.921282
0.430237	0.645778
0.0110688	2.04051
0.205009	1.59447
0.0988355	1.42822
0.443658	0.600386
0.0363197	0.251007
0.109347	0.909491
0.334634	0.671667
0.32551	1.17011
0.158069	1.25472
0.0585541	1.96656
0.476034	0.431218
0.00820162	1.08891
0.0114924	1.97407
0.19832	0.293615
0.399294	0.443697
0.0586899	0.853733
0.257095	0.78492
0.26189	1.13635
0.17929	1.52857
0.232515	0.311674
0.0625708	0.884958
0.303207	1.14173
0.201059	1.24216
0.118176	0.371798
0.0450168	0.889689
0.222657	1.05917
0.066308	2.03378
0.343322	0.266334
0.310289	0.792525
0.264399	0.951291
0.30178	0.988822
0.0459567	0.897526
0.068601	1.9597
0.178537	1.81083
0.301283	1.2201
0.0998284	1.39707
0.110395	0.84725
0.27921	0.660132
0.469831	0.502054
0.0793019	0.470795
0.338484	0.549676
0.112224	0.716089
0.115427	1.95278
0.071786	2.03684
0.108382	1.11879
0.355159	0.691369
0.0319438	2.26718
0.266634	0.450923
0.400791	0.80134
0.0152361	0.462028
0.299427	0.790023
0.328346	0.656698
0.39369	0.781528
0.280467	1.13908
0.334835	0.975104
0.231734	1.57936
0.23278	0.801005
0.0356965	1.65762
0.296497	0.398289
0.0748238	1.05315
0.38023	0.48199
0.238025	0.978353
0.0846458	0.931317
0.199016	1.12431
0.0730587	0.226893
0.297776	1.07422
0.211732	0.87357
0.00169777	1.59668
0.06386	0.881482
0.0821267	0.420923
0.487556	0.391231
0.101423	0.875475
0.0787283	2.49236
0.0355897	0.907673
0.231737	1.37433
0.0319098	1.7945
0.184579	0.964748
0.278773	0.913332
0.00670157	1.0323
0.0259622	1.78772
0.203801	1.20935
0.26155	0.900457
0.0825808	1.69214
0.260514	0.725435
0.209903	0.868173
0.0990994	1.39048
0.0247864	0.957153
0.109776	0.426508
0.174733	0.688228
0.142747	1.30146
0.142783	1.82602
0.196823	1.25016
0.433176	0.699549
0.334002	0.666745
0.433418	0.262166
0.102141	2.9509
0.175638	1.04335
0.12599	2.25503
0.168848	1.47361
0.141716	0.977087
0.115169	0.36755
0.306811	1.1901
0.0397635	1.5943
0.366261	0.705398
0.325343	1.00418
0.197886	1.4182
0.15468	1.56002
0.128241	0.648972
0.210726	0.918999
0.0221908	1.45415
0.0372332	0.387647
0.210109	1.74551
0.214994	1.41191
0.261246	0.43259
0.241032	0.379885
0.195307	0.572403
0.151272	0.728151
0.127524	1.05956
0.103369	1.98573
0.110957	0.914367
0.438989	0.299695
0.0916978	2.26581
0.157317	1.80356
0.0897913	0.790895
0.375513	0.703656
0.227744	0.118497
0.0660508	0.359467
0.305077	1.0392
0.0523071	1.46464
0.117914	0.22666
0.0678065	2.04203
0.0468549	0.686556
0.245646	0.468154
0.128432	1.75532
0.151978	1.88847
0.109448	0.838245
0.333146	0.949812
0.392047	0.6108
0.445143	0.302354
0.0670506	1.7511
0.426277	0.600827
0.0356287	0.33524
0.0827353	1.04772
0.162073	0.178279
0.0640078	1.06636
0.347441	0.403849
0.222522	1.65394
0.059743	0.91941
0.235781	1.21155
0.124707	1.7142
0.1231	1.15041
0.231263	0.880179
0.192715	1.88073
0.0444067	1.36038
0.115043	1.82636
0.325833	0.502812
0.0504723	0.770696
0.106285	1.66673
0.195491	0.50187
0.108893	0.860086
0.233191	1.56707
0.107632	1.65585
0.016579	1.04764
0.112633	1.21269
0.245494	0.584031
0.0840452	1.48407
0.159811	0.250009
0.49986	0.252151
0.266853	0.614523
0.277384	0.687856
0.294397	1.14903
0.056444	1.22517
0.039987	1.53591
0.135616	2.45809
0.160603	1.99737
0.134978	2.07607
0.170404	0.809379
0.289649	1.26011
0.162314	2.10798
0.411567	0.223969
0.0462268	1.40749
0.00224213	2.18675
0.184605	1.53442
0.435284	0.439329
0.174666	1.66961
0.106925	0.819049
0.14083	1.87569
0.157311	0.7227
0.190703	1.03249
0.18354	0.452076
0.30205	0.864911
0.413263	0.396484
0.0788169	2.65992
0.131454	0.751007
0.0458473	2.08477
0.242348	0.640145
0.0717043	0.235009
0.0919716	0.500882
0.213661	1.14432
0.168991	1.21906
0.36814	0.542538
0.215465	0.509298
0.124495	1.9666
0.0585302	0.884795
0.305172	1.2703
0.292244	0.83978
0.244744	0.854426
0.265885	0.889633
0.351693	0.916178
0.289192	0.561815
0.14759	0.43628
0.00850969	0.514252
0.185639	1.67906
0.226527	0.611699
0.0633395	0.531837
0.0237255	2.61644
0.374887	0.785288
0.168395	1.17328
0.332723	1.02835
0.039947	1.55776
0.0552344	1.49001
0.0874962	0.763704
0.250002	0.695998
0.0123252	2.60438
0.183535	1.1197
0.123414	0.768994
0.158648	1.17206
0.0781086	2.0703
0.340023	0.815067
0.0771135	0.551603
0.0917012	0.899885
0.0293418	0.190899
0.183948	0.759431
0.0512601	1.21062
0.165339	0.345964
0.301983	0.949591
0.131121	1.34738
0.25541	0.873228
0.0564828	0.430331
0.0891941	1.0284
0.0854554	1.06678
0.0882844	1.95738
0.262111	0.629531
0.309311	1.02327
0.154049	0.359592
0.166615	0.505671
0.0870728	0.956366
0.0711441	1.66092
0.0937229	2.10727
0.201839	1.11143
0.262073	0.435802
0.223177	1.39474
0.0342783	0.216194
0.0736363	1.66314
0.00344609	0.614871
0.189998	1.72661
0.182592	0.925418
0.313369	0.641552
0.179924	1.43995
0.119802	2.27555
0.107244	2.0788
0.102517	0.529706
0.486722	0.353043
0.0727194	1.8555
0.191309	1.16978
0.309112	1.21043
0.305389	1.10823
0.0347175	2.83558
0.406309	0.806725
0.225629	1.38057
0.31391	1.02959
0.229568	1.30481
0.113885	1.03386
0.120899	0.684596
0.343832	1.09696
0.163164	1.0859
0.296376	1.30411
0.100659	1.73617
0.111809	1.30019
0.378042	0.601488
0.106524	1.17429
0.165109	0.744049
0.137109	1.95234
0.169143	0.923859
0.135814	0.723234
0.0768269	0.56424
0.0660553	2.0987
0.315577	0.0694306
0.129561	1.16961
0.0918494	0.567888
0.0844992	1.48654
0.0189531	1.98881
0.186231	1.53622
0.274624	1.34865
0.201613	1.30471
0.0928835	0.771205
0.151368	1.27621
0.175269	0.376587
0.344949	0.777382
0.0556365	1.10211
0.172407	1.95128
0.0152061	2.14955
0.186345	1.28624
0.0477017	1.38737
0.0914617	0.979177
0.244805	0.726586
0.0339899	0.341117
0.400662	0.316911
0.101248	0.973061
0.183094	1.46437
0.0206603	0.45853
0.0353301	1.39119
0.0962745	0.489413
0.0228966	0.623134
0.101591	1.26471
0.127531	2.2234
0.237496	1.35942
0.0372662	0.576494
0.038772	0.983834
0.397174	0.587119
0.11107	0.928896
0.462429	0.231406
0.103396	1.3153
0.0709293	2.49542
0.156509	0.369969
0.292663	1.01392
0.0281081	0.948774
0.168097	1.01865
0.449546	0.599251
0.200199	1.45782
0.339378	1.11116
0.067942	1.67938
0.153185	1.44786
0.192326	1.58862
0.0120127	1.623
0.327508	0.166144
0.0791952	0.478957
0.139716	0.949182
0.298736	1.19035
0.115083	0.841362
0.196823	1.54028
0.0816125	1.81243
0.153582	1.31352
0.179193	1.91273
0.15861	1.46017
0.325018	0.916407
0.150877	0.984243
0.217564	0.726217
0.0444269	2.52483
0.0164815	2.06926
0.219846	1.36179
0.179832	0.761045
0.400624	0.352329
0.271637	1.00112
0.217805	1.26853
0.36759	0.954965
0.0676193	0.953467
0.197655	1.18919
0.350854	0.278457
0.238966	1.02614
0.0903749	0.708437
0.29543	0.379282
0.36134	0.928626
0.159147	1.22627
0.0367554	0.541996
0.147274	1.52538
0.113906	2.11126
0.30186	1.08435
0.0457489	0.90789
0.359625	0.864242
0.105956	1.58222
0.362634	0.944178
0.252142	0.569621
0.0736165	2.41544
0.0118429	1.76637
0.190149	1.35499
0.237463	0.508117
0.0710937	2.06856
0.315999	0.679187
0.12764	1.50294
0.344033	1.06222
0.350954	0.26857
0.286679	1.33522
0.261091	0.882408
0.117245	2.36599
0.134567	2.49193
0.0842162	0.645573
0.23666	1.40104
0.19699	1.50128
0.00237642	1.59018
0.0502024	2.2595
0.0918737	1.15256
0.216021	0.315447
0.179634	1.08752
0.00791327	0.340439
0.339935	0.619745
0.0618772	0.732745
0.335417	1.02329
0.294231	0.763105
0.128558	0.722458
0.355341	0.988673
0.0337226	2.5153
0.305611	1.18166
0.311358	0.956597
0.196445	1.27227
0.469073	0.461543
0.289467	0.967977
0.0826426	0.0622707
0.128806	1.79964
0.187876	1.13429
0.409383	0.097317
0.0609184	0.944417
0.0743193	0.473484
0.289798	0.362244
0.0893161	1.06828
0.272099	0.212851
0.292278	0.707418
0.201107	0.646257
0.100101	0.609176
0.0981186	1.48165
0.330282	0.448301
0.0924066	1.40136
0.38139	0.446981
0.432479	0.580575
0.303663	0.968698
0.179934	1.88037
0.143908	2.13378
0.0385969	0.783024
0.344657	0.221811
0.224354	0.207105
0.127887	1.9297
0.402076	0.282039
0.0395363	0.442977
0.120272	1.65297
0.0890863	0.735933
0.236046	1.57618
0.0939429	2.11659
0.281428	0.889337
0.157299	1.53567
0.107646	1.16251
0.09827	2.90936
0.292733	1.31826
0.158849	1.85012
0.0199619	0.917689
0.292786	0.91736
0.294287	1.209
0.347188	0.861378
0.389919	0.466792
0.385211	0.775887
0.160529	1.10838
0.374168	0.554885
0.102825	2.7756
0.326085	0.428304
0.204124	1.53686
0.362616	0.674425
0.0267945	1.27208
0.266647	0.936649
0.425353	0.559953
0.167896	1.23863
0.10161	1.0122
0.349894	1.02013
0.0907739	1.86354
0.139583	1.44278
0.204355	1.64759
0.116839	1.49984
0.186122	1.82614
0.170259	1.54436
0.125909	1.70749
0.165904	0.627154
0.00359168	2.26739
0.205358	0.500534
0.235648	0.962031
0.217676	0.324696
0.0410047	1.26813
0.184378	0.399313
0.348201	0.531234
0.132495	1.59047
0.193101	1.10104
0.0433383	2.66878
0.0915752	0.716994
0.145549	0.960884
0.367487	0.83655
0.448255	0.294084
0.18871	1.41881
0.386906	0.411793
0.369888	0.32983
0.194668	1.43763
0.202348	0.986109
0.0112186	1.41345
0.297827	0.950901
0.307678	1.22161
0.298196	1.04544
0.12178	1.12498
0.362224	0.755104
0.407305	0.578878
0.330928	1.07896
0.162797	1.57394
0.265195	0.229682
0.049801	1.25973
0.0279875	2.68463
0.0589136	2.86904
0.0286948	0.887161
0.154271	1.77785
0.043762	2.2174
0.0446219	0.869161
0.0314548	2.28812
0.18024	0.964968
0.417141	0.383935
0.228811	1.39233
0.186674	0.521228
0.0906147	0.658449
0.291892	1.04598
0.0499763	0.469921
0.199369	1.76175
0.0437222	0.132867
0.154493	1.43502
0.0835724	2.60534
0.0796955	1.74236
0.141121	1.20082
0.194426	0.476334
0.346905	0.793105
0.10904	1.94981
0.320335	1.08922
0.189231	1.10163
0.108643	1.43676
0.203317	1.17803
0.0823735	0.154098
0.126752	2.6223
0.368766	0.248084
0.0920797	0.828923
0.262891	0.607575
0.406652	0.568486
0.155413	2.13546
0.306524	1.11122
0.0856981	0.472739
0.403206	0.0471741
0.115722	0.118515
0.265321	0.463038
0.140187	2.03073
0.100303	1.12536
0.0389019	1.88933
0.364296	0.387561
0.27966	0.672879
0.280043	0.65256
0.0237293	0.400122
0.215872	0.762535
0.0509785	2.50356
0.317517	0.667243
0.368374	0.402139
0.197486	0.895111
0.133028	0.889431
0.064681	0.590902
0.181931	0.427365
0.152986	1.84141
0.249266	0.847727
0.188328	1.23795
0.0801578	0.914733
0.273176	1.40335
0.368294	0.805381
0.27164	1.18592
0.272336	0.763175
0.145995	0.838862
0.26742	0.988798
0.115071	2.32672
0.0104977	1.10151
0.13798	0.29322
0.27633	2.03095
0.0564059	0.805595
0.0912286	0.481827
0.309392	0.901178
0.42906	0.232822
0.383366	0.555173
0.0633061	1.6989
0.0954975	0.491006
0.11595	0.828243
0.0855025	0.166892
0.0347681	1.81183
0.0364332	2.37591
0.137961	1.59274
0.226301	1.14384
0.0582511	1.43843
0.12887	0.956809
0.320917	1.20178
0.0884099	0.645268
0.109516	1.92413
0.108027	2.22305
0.170456	1.47715
0.30324	1.15423
0.322123	0.113794
0.0325984	2.63932
0.0849049	1.11718
0.235584	1.52827
0.018398	1.63477
0.19934	0.261231
0.0479214	1.30821
0.405574	0.413898
0.139742	0.390656
0.103529	1.05671
0.201078	1.44995
0.0889166	0.831707
0.069712	1.86174
0.365233	0.648833
0.250595	0.518996
0.196851	0.553756
0.0335427	0.978482
0.244408	0.233604
0.0140574	0.360023
0.305929	0.267515
0.0435163	0.304483
0.488052	0.336524
0.00800381	0.924796
0.158861	1.94422
0.0190689	0.598287
0.0190194	2.91421
0.358456	1.02657
0.318198	0.331552
0.134879	1.19557
0.0270082	1.45336
0.12054	0.834823
0.145147	1.01921
0.0987206	1.97678
0.340403	0.432348
0.266134	0.397763
0.168499	0.676875
0.0198373	1.14577
0.265616	0.999797
0.245213	1.17656
0.319117	0.996933
0.131445	0.676742
0.186906	0.396534
0.103026	0.446176
0	0
0.24755	1.5071
0.0337852	1.32831
0.428663	0.10436
0.110724	2.03171
0.0262322	0.89496
0.181707	1.17552
0.0955898	0.92387
0.0854783	0.52227
0.065641	0.490817
0.307658	0.923889
0.226484	0.782855
0.0499062	0.837648
0.175265	1.68415
0.256404	1.42012
0.118567	0.926407
0.0140213	0.725761
0.174126	1.3353
0.117158	0.808498
0.283867	0.555696
0.363874	0.789715
0.155359	1.29313
0.00485411	1.31391
0.0565677	1.1392
0.258104	0.997035
0.374655	0.971775
0.0961196	1.98767
0.0272111	0.440695
0.290609	0.856875
0.208179	1.6965
0.233871	1.23256
0.122763	0.700681
0.209547	0.45524
0.132792	1.97339
0.457935	0.570221
0.366121	0.682321
0.0662243	1.98453
0.418361	0.225549
0.259819	0.824548
0.0937614	2.14792
0.173948	0.473393
0.0241007	1.64733
0.0845046	1.35127
0.135331	2.2517
0.148885	2.06255
0.0704715	1.45759
0.0408278	2.21345
0.482865	0.251124
0.192707	1.88594
0.291215	0.880966
0.109937	0.654152
0.387976	0.877825
0.444505	0.488181
0.0897061	2.93011
0.0120813	0.524869
0.103968	0.803862
0.196238	1.12612
0.284171	0.41879
0.134995	2.40011
0.055927	0.160982
0.331719	0.589681
0.385457	0.312821
0.0501696	1.85767
0.393162	0.770844
0.0662657	0.532277
0.235356	0.865548
0.358056	0.238224
0.159644	2.1403
0.218106	1.68392
0.218861	1.48251
0.124424	1.78518
0.0135216	1.28396
0.14316	1.09626
0.28902	1.01056
0.371179	0.993031
0.170359	1.6256
0.0523559	0.517591
0.316808	1.17056
0.0657698	2.63083
0.350015	0.816302
0.371285	0.932864
0.37698	0.935407
0.181815	1.26795
0.441706	0.415038
0.0407525	1.90698
0.0194018	1.83863
0.128004	1.94778
0.359971	0.51719
0.172081	1.57782
0.0676638	1.6116
0.209364	0.870355
0.186701	1.68435
0.151049	2.09443
0.364663	0.861222
0.215737	1.70738
0.391305	0.461363
0.242711	0.612134
0.160832	1.47829
0.0960395	0.493812
0.260556	0.603275
0.0777449	2.8273
0.128881	0.985783
0.35621	0.274879
0.192255	0.951286
0.24112	0.677356
0.037292	1.89182
0.223137	0.274432
0.142025	2.37614
0.160628	1.06312
0.0716696	0.465745
0.137726	0.44193
0.211721	0.929197
0.201533	1.80609
0.343906	0.384617
0.0470194	3.00935
0.376624	0.877806
0.180224	0.699097
0.268516	0.558432
0.0389015	1.87842
0.036921	0.939273
0.033342	0.837363
0.0488059	1.76913
0.0237841	3.01563
0.320968	1.12869
0.0835604	1.22156
0.214883	0.74265
0.149996	1.43672
0.0203933	1.64667
0.209533	1.61249
0.127958	2.47061
0.309512	0.544587
0.0767369	0.952246
0.29837	1.27211
0.234237	0.814497
0.0995988	0.841027
0.0263856	2.84403
0.075919	0.732568
0.106668	2.15526
0.046986	0.501001
0.110288	1.87891
0.0265766	1.16367
0.361406	0.958374
0.019854	1.27808
0.167306	1.95522
0.226133	0.42266
0.189665	0.564591
0.319243	1.01051
0.212559	0.938676
0.297935	0.483936
0.0659369	1.44564
0.314898	0.410967
0.329414	1.15479
0.0555464	0.797726
0.157094	1.29325
0.209042	0.920887
0.422454	0.642205
0.197799	1.44186
0.135217	0.940373
0.448127	0.30399
0.113503	1.62588
0.228922	0.676111
0.119027	1.97593
0.181282	0.510858
0.258492	0.791932
0.0155058	1.30757
0.0316051	1.37696
0.0995556	2.77656
0.140816	1.2468
0.181857	1.1675
0.063016	2.44383
0.369953	0.969175
0.219132	0.737831
0.142564	1.97227
0.150716	0.998173
0.233616	0.488252
0.0199951	0.741931
0.0127855	2.60877
0.0565821	1.4407
0.0339409	0.324139
0.231434	1.28308
0.190288	0.988582
0.124148	1.64748
0.180612	1.77965
0.122488	0.834785
0.31068	0.822171
0.14381	0.803813
0.411014	0.616188
0.38411	0.93523
0.164813	1.19085
0.0541854	1.10769
0.0605062	0.769826
0.0962463	1.76985
0.352253	0.617776
0.134974	1.57308
0.0700158	1.25696
0.130405	1.00321
0.365894	0.828131
0.113296	1.34527
0.351279	0.403792
0.12114	2.21137
0.19773	0.155245
0.106449	1.2217
0.0376846	1.29653
0.326354	1.05591
0.383637	0.486719
0.0814973	1.12236
0.0248656	0.779496
0.132827	1.84521
0.0739598	1.42323
0.46956	0.35748
0.232587	1.10687
0.121058	1.30887
0.0232591	2.5306
0.283106	1.10845
0.0701571	0.693736
0.148226	2.06088
0.147981	2.28437
0.279503	0.877616
0.397968	0.375262
0.187508	0.871069
0.0318704	1.3799
0.234015	1.18785
0.290806	1.22729
0.0467597	2.15709
0.111113	2.16581
0.0644626	1.83363
0.142168	0.576046
0.14088	0.715027
0.0284492	1.42853
0.267797	1.25899
0.254118	1.14536
0.408188	0.279921
0.156687	1.1432
0.0626373	0.367339
0.0354135	1.81989
0.228888	0.968376
0.241112	0.727923
0.440691	0.375743
0.230346	0.810951
0.0543643	2.09199
0.022565	1.3624
0.0382547	0.441682
0.0259253	1.96923
0.133559	0.136469
0.324899	0.518064
0.302528	0.85648
0.147297	1.64662
0.377779	0.447116
0.413453	0.663478
0.406678	0.270105
0.0931273	1.56731
0.0882785	2.33802
0.0246025	2.02928
0.119264	2.0488
0.0268741	1.51231
0.285121	1.27172
0.0147282	0.811586
0.0367387	1.65483
0.0841745	2.15072
0.0621237	0.402014
0.32642	0.192755
0.0126759	2.17098
0.0448945	0.76144
0.279666	1.17185
0.373761	0.824463
0.077419	0.417695
0.0973142	0.430431
0.194886	0.411336
0.120818	2.13255
0.0844432	2.46672
0.261333	1.48582
0.103366	1.8052
0.378345	0.110678
0.396635	0.433075
0.00258715	0.972831
0.0508789	2.78636
0.21765	1.04588
0.205012	0.967598
0.412005	0.393375
0.140134	1.92804
0.252051	0.986576
0.138207	1.15892
0.17632	1.76896
0.097316	2.23787
0.0166988	1.07125
0.162993	1.75968
0.251575	0.885322
0.220465	1.11436
0.029246	1.45962
0.373574	0.906267
0.176593	1.33796
0.388038	0.860258
0.0166598	0.464661
0.243406	0.93001
0.075868	1.20718
0.116501	1.10166
0.206489	1.75825
0.271998	0.652543
0.133377	1.9938
0.062838	1.9097
0.111695	1.46298
0.254078	1.29591
0.204274	1.25021
0.224603	0.260817
0.343843	0.797807
0.0427088	1.0572
0.0762725	0.959952
0.0995608	1.33248
0.347465	0.2674
0.21158	0.741439
0.347632	1.01456
0.0333662	0.297074
0.125348	1.00434
0.127714	1.14802
0.199245	1.41643
0.122018	1.5919
0.298092	1.13918
0.223833	1.66373
0.420264	0.472155
0.345848	0.877841
0.0991914	1.8747
0.17086	0.564056
0.0313204	0.880411
0.174171	1.0384
0.0903401	0.45708
0.477935	0.471976
0.0780443	2.44239
0.0722239	0.16414
0.242611	1.0005
0.0794887	1.25365
0.0131416	0.199648
0.0779992	2.43404
0.0476223	1.52875
0.00954144	1.72936
0.362018	0.933015
0.126568	0.756583
0.146399	0.774033
0.1199	1.6034
0.0513626	0.461979
0.298346	0.976691
0.116827	2.22721
0.176775	0.751781
0.112326	1.69497
0.330524	0.869057
0.350967	0.867854
0.250044	0.156335
0.395354	0.644125
0.0770526	2.37663
0.139268	2.04657
0.0384672	0.156917
0.204312	1.69949
0.0834143	0.919391
0.0681807	1.20086
0.0720607	1.723
0.32314	0.904271
0.0852094	1.21975
0.0117941	0.618403
0.301029	0.623065
0.174778	0.483456
0.185385	1.04089
0.0715214	0.475608
0.173818	1.82664
0.18433	1.52525
0.0959627	0.192992
0.293975	0.13665
0.178847	0.838217
0.0263914	2.93453
0.166341	1.7139
0.143327	1.31165
0.13582	0.431571
0.266278	0.778296
0.0246697	1.8588
0.0582805	1.00877
0.246604	0.761802
0.084067	1.66528
0.0719529	0.804114
0.40988	0.521966
0.212753	0.831912
0.112284	1.00741
0.178293	0.690422
0.163519	1.77417
0.11083	0.491919
0.347728	0.900519
0.499814	0.106924
0.213523	1.27222
0.309844	0.867617
0.121205	2.33166
0.0992292	0.977222
0.247477	1.26334
0.211164	0.723643
0.0666473	1.20575
0.402308	0.597845
0.333526	0.852265
0.434369	0.324336
0.251393	1.17332
0.0454266	2.05261
0.106852	1.26374
0.180981	1.98513
0.138483	0.431031
0.308636	0.647822
0.322258	0.540982
0.127807	0.831697
0.355557	0.784614
0.0128667	1.66185
0.170103	1.14594
0.0888529	2.93708
0.108055	2.33795
0.0493028	2.79214
0.196769	0.734416
0.0884691	1.19868
0.163816	1.50456
0.301357	0.492619
0.414241	0.762325
0.162458	1.21121
0.058179	2.0915
0.344705	0.570457
0.17767	1.98453
0.0720392	1.56934
0.250787	0.948042
0.432289	0.161092
0.433246	0.257403
0.263704	1.41823
0.288671	0.468924
0.0119562	0.423621
0.346043	0.599069
0.309886	1.12985
0.212697	1.23522
0.118451	1.49831
0.212426	1.12116
0.218502	1.40901
0.183079	1.74096
0.27476	1.37252
0.0162829	1.70471
0.0657627	2.08826
0.076837	2.59462
0.084129	1.49873
0.0433954	2.04996
0.129104	1.85305
0.0721862	0.994515
0.335012	1.04839
0.139553	0.8175
0.0601781	1.00374
0.08672	1.08563
0.229283	1.38326
0.167015	1.91366
0.146335	1.07362
0.310923	0.850207
0.037786	2.02161
0.195373	1.09869
0.236514	1.3103
0.280693	1.05373
0.0436024	1.04028
0.0602226	0.233705
0.276789	1.17655
0.047028	1.32782
0.364069	0.549163
0.0243441	0.0862133
0.134076	0.819526
0.322065	1.20841
0.452121	0.508584
0.163617	1.94285
0.154215	1.70056
0.201733	1.15384
0.306374	0.945744
0.2203	0.89828
0.29836	0.245561
0.014677	1.61023
0.0421189	1.19941
0.274631	1.11986
0.0234082	0.195376
0.216519	0.37411
0.235108	1.59917
0.0990186	0.887543
0.255921	1.4997
0.0215073	0.552539
0.108985	0.527033
0.151908	2.12803
0.0153949	0.61851
0.348041	0.752854
0.266215	1.30768
0.363034	1.02736
0.109887	1.7468
0.00308349	2.47408
0.0444852	2.60775
0.0360334	1.90349
0.132758	1.3604
0.105113	1.51565
0.132185	1.07379
0.0173825	0.429666
0.294763	1.32865
0.240933	0.952387
0.0321287	0.56319
0.046846	0.328844
0.193419	1.41297
0.0543938	0.526447
0.11411	2.68824
0.362795	0.474216
0.167818	0.69518
0.0164907	0.780921
0.157362	1.56075
0.0656707	1.06525
0.0982593	1.40606
0.0069961	1.08241
0.129472	0.452369
0.212399	0.689454
0.323646	1.15626
0.437138	0.278137
0.0794055	1.29958
0.445944	0.34646
0.0843619	2.05143
0.200418	0.84214
0.14147	1.15151
0.0126174	2.33313
0.0823283	2.00413
0.331039	0.486234
0.0256527	0.974962
0.046405	0.300562
0.0953414	1.65804
0.0630616	2.15497
0.34839	0.416525
0.238006	1.07694
0.382461	0.588832
0.346933	0.447058
0.0198816	0.343204
0.162246	1.33779
0.155139	0.564774
0.139677	1.15249
0.153349	1.59643
0.166334	0.741678
0.445381	0.298419
0.173435	0.657483
0.086538	0.561278
0.271993	1.30967
0.348909	0.81474
0.196819	0.376796
0.0176978	1.36354
0.141575	0.687693
0.264788	1.0261
0.273065	1.09292
0.109627	1.65702
0.111258	1.39619
0.260286	0.716169
0.229677	1.47043
0.0862592	1.04339
0.332438	0.341946
0.0507989	2.13673
0.111251	0.274494
0.411573	0.687268
0.195869	0.965299
0.320882	0.735401
0.0309874	1.18587
0.134454	1.08512
0.22949	0.241289
0.441741	0.533378
0.270188	0.612505
0.151042	1.17581
0.204748	0.870463
0.031543	1.50927
0.198836	1.23786
0.40485	0.096512
0.269876	0.514114
0.00503015	1.39999
0.215549	0.905906
0.0377148	0.793761
0.172828	0.96203
0.151592	0.551157
0.0920506	1.41491
0.256443	1.42059
0.24519	0.792045
0.107788	1.28981
0.291469	0.711999
0.149381	0.396559
0.0296413	0.390409
0.11693	0.921282
0.430237	0.645778
0.0110688	2.04051
0.205009	1.59447
0.0988355	1.42822
0.443658	0.600386
0.0363197	0.251007
0.109347	0.909491
0.334634	0.671667
0.32551	1.17011
0.158069	1.25472
0.0585541	1.96656
0.476034	0.431218
0.00820162	1.08891
0.0114924	1.97407
0.19832	0.293615
0.399294	0.443697
0.0586899	0.853733
0.257095	0.78492
0.26189	1.13635
0.17929	1.52857
0.232515	0.311674
0.0625708	0.884958
0.303207	1.14173
0.201059	1.24216
0.118176	0.371798
0.0450168	0.889689
0.222657	1.05917
0.066308	2.03378
0.343322	0.266334
0.310289	0.792525
0.264399	0.951291
0.30178	0.988822
0.0459567	0.897526
0.068601	1.9597
0.178537	1.81083
0.301283	1.2201
0.0998284	1.39707
0.110395	0.84725
0.27921	0.660132
0.469831	0.502054
0.0793019	0.470795
0.338484	0.549676
0.112224	0.716089
0.115427	1.95278
0.071786	2.03684
0.108382	1.11879
0.355159	0.691369
0.0319438	2.26718
0.266634	0.450923
0.400791	0.80134
0.0152361	0.462028
0.299427	0.790023
0.328346	0.656698
0.39369	0.781528
0.280467	1.13908
0.334835	0.975104
0.231734	1.57936
0.23278	0.801005
0.0356965	1.65762
0.296497	0.398289
0.0748238	1.05315
0.38023	0.48199
0.238025	0.978353
0.0846458	0.931317
0.199016	1.12431
0.0730587	0.226893
0.297776	1.07422
0.211732	0.87357
0.00169777	1.59668
0.06386	0.881482
0.0821267	0.420923
0.487556	0.391231
0.101423	0.875475
0.0787283	2.49236
0.0355897	0.907673
0.231737	1.37433
0.0319098	1.7945
0.184579	0.964748
0.278773	0.913332
0.00670157	1.0323
0.0259622	1.78772
0.203801	1.20935
0.26155	0.900457
0.0825808	1.69214
0.260514	0.725435
0.209903	0.868173
0.0990994	1.39048
0.0247864	0.957153
0.109776	0.426508
0.174733	0.688228
0.142747	1.30146
0.142783	1.82602
0.196823	1.25016
0.433176	0.699549
0.334002	0.666745
0.433418	0.262166
0.102141	2.9509
0.175638	1.04335
0.12599	2.25503
0.168848	1.47361
0.141716	0.977087
0.115169	0.36755
0.306811	1.1901
0.0397635	1.5943
0.366261	0.705398
0.325343	1.00418
0.197886	1.4182
0.15468	1.56002
0.128241	0.648972
0.210726	0.918999
0.0221908	1.45415
0.0372332	0.387647
0.210109	1.74551
0.214994	1.41191
0.261246	0.43259
0.241032	0.379885
0.195307	0.572403
0.151272	0.728151
0.127524	1.05956
0.103369	1.98573
0.110957	0.914367
0.438989	0.299695
0.0916978	2.26581
0.157317	1.80356
0.0897913	0.790895
0.375513	0.703656
0.227744	0.118497
0.340497	1.12962
0.0985923	2.93353
0.11816	1.19097
0.0575357	0.534979
0.439188	0.345182
0.125946	0.168197
0.0857379	0.824426
0.101039	1.88992
0.152059	1.03998
0.0277341	1.72535
0.201121	1.25452
0.12583	1.21094
0.121359	2.60293
0.304089	0.430424
0.073235	1.96498
0.111926	1.403
0.0518879	1.09559
0.197456	1.28407
0.281092	1.3905
0.103597	2.07551
0.121146	1.44104
0.125899	0.871982
0.131785	0.57983
0.13115	0.825609
0.0668958	0.433219
0.314039	0.492039
0.208709	1.31308
0.0107854	1.14561
0.167634	1.03464
0.15496	1.69721
0.244534	0.339765
0.0288339	1.24937
0.234636	0.873345
0.363389	0.758318
0.0819202	1.09503
0.234679	0.58217
0.112366	1.40498
0.113769	0.521644
0.232954	0.961915
0.322813	0.548392
0.0323974	0.557513
0.0661643	0.324984
0.319439	0.975027
0.247558	0.372732
0.102131	1.60401
0.00630384	1.27477
0.355687	0.359138
0.0895117	0.990611
0.288596	0.710356
0.111235	1.59071
0.279847	0.984614
0.108306	1.32896
0.0670166	0.777589
0.121565	0.290222
0.130717	1.22218
0.08454	0.149896
0.374197	0.840101
0.0327352	0.466643
0.232591	1.31249
0.136102	0.799662
0.364075	0.416905
0.093154	1.6042
0.138363	0.846362
0.202246	1.57703
0.13125	1.83638
0.07405	0.750542
0.0518271	0.919605
0.385072	0.461571
0.201552	0.956469
0.0807502	0.793607
0.434943	0.592604
0.0423692	0.60842
0.150311	2.14195
0.300846	0.550497
0.0509687	0.379858
0.305812	1.00726
0.467081	0.487444
0.0929232	0.672938
0.114083	1.77913
0.243458	1.46944
0.111155	2.83711
0.303992	0.994167
0.327251	0.955164
0.104301	1.71999
0.0884675	1.92724
0.278856	0.86821
0.108701	0.629319
0.0640134	2.21522
0.184967	0.931164
0.0775544	2.87183
0.20193	0.444097
0.145061	1.60326
0.080569	0.888834
0.0735976	2.99534
0.152042	0.431935
0.414527	0.804561
0.125967	2.33589
0.131572	0.439067
0.15049	1.29376
0.42676	0.479021
0.167916	0.57891
0.407376	0.602377
0.0946966	0.684557
0.373186	0.160858
0.390901	0.715698
0.182292	1.53604
0.21357	1.70258
0.180071	1.38127
0.0914953	1.74509
0.269364	0.52174
0.174215	0.471751
0.388197	0.894374
0.149932	1.60511
0.112514	0.541259
0.0392688	1.97331
0.09858	0.441387
0.0156536	2.43471
0.0470044	0.833117
0.136541	1.99887
0.497427	0.19
0.0243996	2.18652
0.468799	0.428043
0.232742	0.800133
0.0113732	0.445951
0.0446761	1.05916
0.0447518	2.36316
0.143462	0.961484
0.177053	1.86324
0.33835	0.874446
0.182307	1.47279
0.113691	2.15632
0.050526	2.32083
0.35558	0.133034
0.265522	0.623906
0.0902018	1.20845
0.00503205	2.19253
0.312446	1.05386
0.164372	1.79163
0.0937028	1.35223
0.108693	0.97862
0.288255	0.349678
0.0447316	2.94646
0.103867	1.2525
0.185559	1.15766
0.351514	0.941388
0.287403	1.17377
0.181722	1.48881
0.232581	1.1654
0.0546293	2.08298
0.0845192	2.79137
0.0591397	0.685005
0.0384701	1.34787
0.25173	1.08625
0.359413	0.985846
0.302596	1.02534
0.0410756	1.54077
0.259025	0.794737
0.14468	0.255981
0.252178	1.43179
0.125664	1.10414
0.304558	0.89065
0.215027	0.33294
0.0859659	0.40928
0.365119	0.733591
0.0915161	0.946362
0.179939	1.58171
0.0455604	0.153285
0.287469	0.453751
0.106433	1.1671
0.0388548	1.14584
0.0218555	2.53755
0.136153	0.98229
0.139257	1.43127
0.073377	1.92552
0.0058017	1.30936
0.281116	0.662499
0.360714	0.891979
0.138967	1.38054
0.216219	1.6932
0.15556	1.26601
0.128795	1.05215
0.437809	0.604426
0.39607	0.423596
0.0796779	0.200247
0.122909	0.354205
0.0368295	0.540251
0.259495	0.902107
0.160799	1.99372
0.226302	0.420424
0.0637206	1.95673
0.156064	1.40106
0.195058	1.02619
0.320346	0.96515
0.0271823	2.07089
0.108999	2.59368
0.203037	0.434013
0.182507	1.35985
0.0487366	2.24292
0.277724	0.991303
0.0450981	1.54164
0.163249	0.41383
0.162978	2.06369
0.0464813	1.06361
0.14231	1.2857
0.347785	0.0268386
0.204982	1.58114
0.23023	0.190512
0.178823	1.53169
0.27001	0.500793
0.0371777	1.2291
0.010792	0.300254
0.342832	0.662529
0.161615	2.04156
0.117772	1.87197
0.0289357	0.834333
0.0370799	0.49556
0.0853639	2.30672
0.21461	1.41748
0.210953	1.66065
0.0783101	0.74493
0.30336	0.393239
0.0817739	1.05349
0.13965	1.95177
0.134858	1.74611
0.131917	1.2422
0.117307	2.55877
0.324256	0.186506
0.208817	1.08381
0.151027	1.87969
0.140189	1.84019
0.140155	1.81072
0.121312	1.56414
0.0446343	2.4623
0.36604	0.674584
0.0543482	1.90208
0.0250298	0.970735
0.219803	0.348658
0.320632	1.2133
0.137931	2.05815
0.414574	0.268712
0.0872313	0.863981
0.10888	1.68928
0.248954	0.494364
0.0715481	0.720337
0.0127412	2.39304
0.193388	1.34086
0.200113	1.22076
0.172559	1.61058
0.0761691	0.678735
0.117247	2.47187
0.046017	1.0321
0.264996	0.713898
0.0189274	0.694388
0.214625	0.787849
0.151707	1.97779
0.0133718	1.60523
0.197318	1.63536
0.403693	0.804337
0.103485	2.37074
0.220494	0.508525
0.109934	1.5558
0.0297145	2.28238
0.0618013	1.9853
0.0387574	2.97498
0.321299	0.64887
0.0120759	0.513177
0.26913	0.848749
0.322881	0.717473
0.215644	0.758059
0.0799627	2.37307
0.258235	1.29334
0.0172116	1.24975
0.17456	0.766551
0.24258	1.10779
0.0221408	0.458054
0.245329	0.637484
0.443556	0.649099
0.184995	1.87776
0.167869	0.152652
0.204205	1.39818
0.177016	0.78378
0.156541	0.775578
0.0496855	1.06867
0.340654	0.887511
0.0680474	0.48266
0.0182323	0.452474
0.111475	1.65932
0.029597	1.83023
0.243853	0.978904
0.289706	0.838697
0.0425572	0.825817
0.00620709	0.826956
0.341005	0.221953
0.335496	1.06095
0.195746	1.36286
0.0818006	2.30641
0.209839	1.72815
0.0107255	0.719955
0.108078	1.34473
0.0882581	1.26535
0.184032	0.998223
0.24852	0.675494
0.163874	1.47456
0.191818	1.483
0.38146	0.393998
0.0754929	1.87773
0.310991	0.225541
0.215002	1.33269
0.0400833	0.876596
0.0382519	1.38028
0.340171	0.940507
0.137862	1.72909
0.131868	2.08958
0.302672	1.29076
0.328587	0.677665
0.0519832	0.774787
0.272127	0.218804
0.201188	1.66918
0.120196	0.596124
0.0510557	0.858483
0.267762	0.899211
0.295121	1.09769
0.0348411	0.527073
0.0118577	1.85571
0.163906	1.3795
0.0556719	0.811475
0.141681	2.06748
0.361801	0.584347
0.286624	1.11876
0.389819	0.842349
0.181434	0.567131
0.12423	0.831303
0.186961	0.760286
0.379402	0.639064
0.173448	1.69367
0.208141	1.3547
0.107251	0.851578
0.143222	1.69806
0.493108	0.313859
0.162512	1.64744
0.0171807	1.23257
0.367082	0.770035
0.183352	1.33724
0.030784	1.76856
0.215067	1.59596
0.042099	0.337182
0.0449096	0.571849
0.133362	2.13736
0.140588	1.4983
0.077056	2.14172
0.32303	0.561516
0.0412134	1.688
0.105648	0.624282
0.29572	0.576907
0.269646	0.594134
0.159756	0.792667
0.155264	1.60487
0.454359	0.387506
0.116356	2.48516
0.302425	0.847183
0.177303	1.7881
0.0972944	1.2536
0.196843	0.69125
0.37317	0.9799
0.309676	0.911308
0.316912	1.22047
0.246354	1.15009
0.0971309	2.46422
0.0923202	2.61606
0.00189808	1.75979
0.058278	1.48814
0.0502773	2.4662
0.436552	0.516019
0.223971	1.23956
0.057651	0.963959
0.0368161	0.987404
0.167059	1.62943
0.193456	1.08107
0.122545	0.930189
0.0627986	2.56215
0.224661	0.944584
0.283499	0.0955968
0.0292245	0.677673
0.0570657	0.259009
0.242173	1.30299
0.0886634	2.46252
0.228404	1.15551
0.0616878	0.235834
0.0537701	1.30231
0.221597	0.335502
0.364818	0.134197
0.0837958	0.371756
0.157454	1.48679
0.152838	1.61301
0.103007	0.617317
0.0814108	0.267997
0.0547863	1.48916
0.371509	0.41755
0.226768	0.415229
0.11236	1.74348
0.287574	0.889491
0.153952	1.25063
0.198452	1.00949
0.183659	1.60383
0.0437491	1.95239
0.254981	0.448113
0.0616879	1.26779
0.201339	1.55644
0.453172	0.425923
0.321398	0.601414
0.204724	1.54122
0.142289	0.2533
0.0174474	2.20187
0.291977	0.8108
0.0942634	1.31213
0.115677	1.32029
0.0842855	1.5927
0.102437	1.54491
0.333774	1.02389
0.0970256	2.47924
0.176825	0.736
0.0238497	1.91861
0.145807	1.57477
0.420821	0.274368
0.105834	0.981451
0.0212224	1.30522
0.113988	0.799194
0.0330169	1.50818
0.137349	1.35559
0.214817	1.72005
0.216896	1.21391
0.215439	0.443724
0.131084	1.94208
0.187712	1.45556
0.254834	1.22848
0.106926	2.2706
0.14327	1.38884
0.0801606	1.49307
0.370898	0.43838
0.348187	0.878207
0.172929	1.20748
0.0293287	0.760754
0.0323788	1.46434
0.399553	0.594499
0.234911	0.548889
0.0592528	0.603281
0.151611	1.02866
0.289943	1.08209
0.24203	0.830126
0.249155	0.824736
0.389057	0.436738
0.226176	1.49478
0.0862494	1.85426
0.222037	1.41379
0.135009	1.77531
0.124549	1.25194
0.216072	1.66357
0.152165	0.408659
0.0120584	1.22179
0.346886	0.870806
0.323191	0.610787
0.132966	1.97513
0.0820375	0.989876
0.354718	1.0234
0.0282098	0.907212
0.421887	0.591125
0.365857	0.338138
0.356296	0.511183
0.0337703	2.47873
0.349998	0.217316
0.0936571	1.52575
0.0695941	1.3791
0.351957	0.719434
0.308975	1.21493
0.0610591	0.488542
0.190329	0.861498
0.0698425	2.4425
0.165925	1.24581
0.196692	0.783445
0.168819	1.79843
0.0982229	1.12738
0.231024	0.657984
0.199965	1.06978
0.229165	1.50014
0.294878	0.865536
0.184278	1.60677
0.176007	1.43814
0.0129853	2.29641
0.0542582	2.1323
0.0207978	0.784439
0.249312	1.15164
0.177276	1.88765
0.190234	1.78927
0.312725	0.971949
0.0519387	2.20009
0.0519576	0.262163
0.16349	1.06553
0.358458	1.00631
0.0695565	1.58249
0.137562	0.907056
0.347483	1.0289
0.461245	0.529556
0.0954062	0.928412
0.0360444	0.972333
0.247534	0.430917
0.00573924	1.06064
0.0862153	2.01369
0.00975118	0.59985
0.0675357	1.97128
0.373633	0.118198
0.312055	0.521629
0.0849287	1.42463
0.207037	1.79302
0.0193999	0.343749
0.133819	1.06037
0.407374	0.732105
0.148866	0.929026
0.290866	0.955133
0.267475	0.998717
0.365668	0.397918
0.140147	1.46692
0.478897	0.179391
0.0837793	0.17321
0.183373	1.59893
0.155043	2.09499
0.167347	1.41466
0.324218	1.12773
0.0770263	0.353353
0.115584	2.20893
0.283611	0.543788
0.12015	1.57705
0.109921	2.19025
0.19359	1.04881
0.42558	0.550676
0.325814	0.802438
0.191488	1.30473
0.260668	1.1408
0.0833623	1.42157
0.196657	0.787651
0.345892	0.300899
0.25341	1.07774
0.109496	2.04745
0.240717	0.866909
0.415386	0.446964
0.0599217	0.514997
0.158947	0.420503
0.44312	0.506775
0.104801	0.967497
0.18483	1.36926
0.0977465	2.76524
0.152745	0.410038
0.0431646	1.17405
0.271133	0.748434
0.10419	1.37012
0.0797541	0.903076
0.380585	0.78173
0.126943	0.562253
0.096562	1.19978
0.0654152	2.16321
0.027497	0.445765
0.408751	0.774488
0.0413819	2.30165
0.37672	0.773755
0.0927311	1.65584
0.0994856	0.917843
0.289428	1.18212
0.124415	0.599187
0.411067	0.699204
0.498389	0.165147
0.214061	1.61399
0.345618	0.848981
0.0944685	0.948596
0.233383	1.38512
0.0515511	0.657952
0.341534	1.07256
0.146118	1.43434
0.246127	0.927195
0.144582	0.254537
0.0527137	1.90479
0.191059	0.422054
0.356276	0.723722
0.0624619	0.235592
0.423874	0.331178
0.184456	1.93396
0.214509	1.71417
0.0628224	2.43389
0.023735	1.46168
0.327385	0.372505
0.065162	2.21882
0.141251	0.294805
0.00713763	0.6893
0.156522	0.328902
0.0473493	2.57256
0.458286	0.522611
0.436103	0.473841
0.147759	1.75117
0.151296	1.32076
0.108225	2.20545
0.0983205	0.669302
0.107456	1.61137
0.0757317	1.18735
0.241178	1.11551
0.152404	1.92112
0.135826	1.3156
0.00421236	0.473341
0.26043	0.756937
0.476815	0.409725
0.115666	0.930689
0.158563	1.4739
0.291377	0.952486
0.147657	2.22273
0.0910784	2.94359
0.120317	1.8855
0.298008	1.3113
0.267985	0.974169
0.3394	1.04674
0.117645	1.41761
0.114557	0.974087
0.299174	0.32844
0.0695624	2.49296
0.220242	1.25268
0.145989	1.61471
0.214191	1.50858
0.154857	1.3415
0.269623	0.825283
0.0727118	2.48771
0.0232826	1.52976
0.154787	1.55473
0.246722	0.918563
0.255153	1.07549
0.3375	0.56045
0.160226	0.853388
0.0455878	1.62199
0.350261	1.04255
0.0384075	1.48093
0.0569095	1.32632
0.0209874	1.61154
0.212429	1.62028
0.00912053	1.20758
0.0418282	0.112317
0.0658525	2.65456
0.0943631	0.297506
0.335996	0.586105
0.0900515	2.00256
0.0991888	1.83708
0.0617666	1.65222
0.166374	1.15004
0.281583	1.09524
0.146652	1.7191
0.22038	1.34595
0.311106	0.679087
0.0241656	1.31671
0.128826	1.22375
0.0662909	1.98711
0.0240269	0.869664
0.0999245	0.88877
0.280833	0.331956
0.21811	1.00251
0.22088	1.44697
0.172163	2.03789
0.0659284	2.41037
0.241224	1.0916
0.132104	1.88398
0.127738	1.47788
0.0704801	1.19763
0.265717	1.32054
0.38665	0.514811
0.225545	1.25282
0.0387871	0.289462
0.324574	0.520498
0.109906	0.973451
0.193026	0.804992
0.40725	0.533263
0.0921082	1.67892
0.436587	0.602351
0.154387	0.12048
0.113714	0.575012
0.378702	0.619096
0.381442	0.539614
0.100853	1.72576
0.131467	1.49775
0.206853	0.671588
0.106993	2.91487
0.0406972	2.26033
0.0407074	2.77987
0.183632	0.919857
0.0620281	0.876694
0.215756	1.33996
0.173134	0.145574
0.0105798	0.31083
0.0443579	0.812387
0.14483	1.33625
0.0438895	1.418
0.0356208	1.1364
0.119781	0.634601
0.384115	0.554092
0.409945	0.38015
0.269952	1.21038
0.0109792	1.31233
0.174111	0.819437
0.288513	1.18449
0.0148655	1.43944
0.0671948	0.454221
0.167064	1.82989
0.153762	1.719
0.321326	1.11554
0.103561	2.43466
0.315649	0.665662
0.189755	1.29898
0.145703	0.989772
0.310557	0.78479
0.236251	1.42698
0.441759	0.432328
0.136731	0.189993
0.23185	0.582224
0.109597	0.130895
0.116607	2.46808
0.15287	1.85079
0.0561103	2.31025
0.10111	1.1989
0.35952	1.0296
0.138643	0.226984
0.354235	0.495975
0.31429	1.02083
0.420759	0.777566
0.198624	0.661402
0.313668	1.05854
0.0603392	1.49177
0.390159	0.610102
0.0380537	0.202783
0.311376	1.23779
0.171654	0.798028
0.171121	1.78957
0.103272	0.196733
0.206148	1.13331
0.0894558	0.984975
0.193088	1.33739
0.343225	0.567951
0.184835	1.66252
0.172151	0.333351
0.177576	1.20984
0.0824556	0.68256
0.249666	0.495215
0.348292	0.982002
0.235921	1.51215
0.050486	0.103702
0.190902	1.33011
0.331608	0.798153
0.137592	1.16159
0.135864	1.8622
0.137783	0.503263
0.0673598	2.87269
0.140782	1.99894
0.340022	0.815452
0.0493906	1.94664
0.295704	0.969732
0.18939	0.698183
0.248452	1.06401
0.0735693	0.671839
0.225079	1.31991
0.131342	0.252799
0.191129	0.462011
0.0346793	1.87333
0.0847721	0.973718
0.0277131	1.72692
0.0610903	0.547563
0.162871	1.56686
0.139628	1.39307
0.0474489	0.0544306
0.00805095	1.35295
0.116052	1.27689
0.370313	0.53876
0.176586	1.57778
0.030011	0.950349
0.0325768	1.46336
0.169188	1.8059
0.0465987	0.161215
0.221996	1.40951
0.330838	1.016
0.0855757	2.47583
0.0427247	0.530003
0.402647	0.492489
0.00303624	1.41009
0.112586	1.62989
0.112846	0.305127
0.307356	0.761747
0.425132	0.347725
0.192104	0.829453
0.105273	1.34263
0.0615293	0.847711
0.309998	1.19087
0.0514573	2.07476
0.0296999	1.45402
0.18733	1.1319
0.0462846	0.195409
0.392986	0.446469
0.246674	1.05153
0.0585849	2.03633
0.256051	0.986128
0.301341	0.199966
0.282772	0.948868
0.0602111	1.9962
0.0343254	1.67686
0.0720301	1.06461
0.244752	0.859608
0.177693	0.993134
0.194424	1.11011
0.306629	1.03562
0.0404936	1.81596
0.0153652	0.0762235
0.326152	0.599603
0.0259305	2.31206
0.166654	1.42232
0.353446	0.546261
0.0625226	0.198676
0.21267	0.694934
0.0501643	2.01661
0.185089	1.10123
0.0879342	1.35669
0.304777	1.03694
0.202427	0.900931
0.129758	1.02877
0.160439	0.395701
0.180924	1.98276
0.216802	1.31668
0.23678	0.826794
0.00499739	1.59763
0.0823344	0.97431
0.0587838	1.42296
0.207497	0.440711
0.192818	0.620458
0.341678	0.831023
0.147301	1.3437
0.10223	1.62427
0.116952	0.503738
0.357974	0.891366
0.0565395	3.10041
0.381889	0.468564
0.0883156	0.386622
0.183122	0.0918758
0.0847328	1.58335
0.140336	2.12015
0.177915	0.540034
0.35769	0.610613
0.338528	0.891614
0.205716	1.3518
0.112182	2.50389
0.196054	0.715755
0.058782	2.63531
0.00884656	2.20259
0.4844	0.404215
0.155475	1.32479
0.17047	1.45671
0.0366471	0.810421
0.00587054	2.06741
0.168269	0.673243
0.22374	1.45186
0.0868017	2.74805
0.0366166	0.612924
0.0795916	0.654734
0.20705	0.94371
0.0513329	1.98287
0.118822	2.05804
0.213472	0.438434
0.0382097	1.36587
0.0724451	0.722661
0.020752	0.363768
0.14964	1.99455
0.151284	0.528226
0.327548	0.570284
0.0671333	1.51042
0.203749	0.667756
0.022547	1.61089
0.42905	0.352777
0.386581	0.514869
0.324398	0.768119
0.0974285	1.23897
0.230013	0.63115
0.3002	0.616419
0.0489296	0.567691
0.333885	1.07028
0.148856	1.98995
0.0541751	1.46574
0.0468108	1.72249
0.310756	0.783988
0.176091	1.65239
0.104756	1.37534
0.375271	0.670512
0.35207	0.685671
0.0464212	0.188731
0.0256548	1.42091
0.0358915	0.525655
0.132549	0.996966
0.113706	1.76152
0.329751	0.423046
0.339258	0.868717
0.04852	1.16033
0.258586	0.501748
0.336378	1.11451
0.131729	1.6279
0.138787	2.15917
0.0654431	2.11153
0.119012	1.62358
0.444741	0.385667
0.249822	1.17118
0.249117	1.47316
0.340193	0.190686
0.165836	0.911362
0.1862	1.84295
0.167538	1.11456
0.0738498	1.40095
0.0627414	1.14657
0.124377	0.601478
0.215759	0.915657
0.28783	1.16042
0.167751	0.865636
0.10461	0.804951
0.140519	0.51212
0.022974	2.36608
0.185528	1.42985
0.151184	1.8391
0.103358	0.710626
0.227015	1.1212
0.0224045	1.50007
0.260501	0.247197
0.144371	0.630369
0.15297	1.76843
0.143888	1.41038
0.237464	1.10431
0.0833101	1.61279
0.0547846	1.47873
0.315439	0.564356
0.0872012	0.620166
0.0695799	2.84425
0.0959051	2.17562
0.0124712	1.8168
0.16354	0.621806
0.0528602	2.30206
0.0392964	1.41276
0.123812	0.140918
0.281122	0.52452
0.10023	2.48072
0.126487	0.518905
0.318	0.937091
0.29407	0.770334
0.2392	0.524686
0.142173	2.01883
0.112191	1.06827
0.105426	1.70646
0.36572	0.657522
0.464813	0.248072
0.159925	1.12506
0.3592	0.774123
0.131492	1.71673
0.0194512	0.366574
0.252142	0.104678
0.290692	1.14432
0.345357	0.913596
0.135939	1.93847
0.00585841	0.384998
0.0751366	0.339908
0.066169	1.55308
0.196973	0.309487
0.445625	0.50409
0.210319	0.45105
0.459	0.422212
0.0594385	1.11623
0.0782655	1.45874
0.199505	0.416326
0.104839	2.85431
0.16884	0.683858
0.36888	0.37437
0.0957355	0.755109
0.466283	0.543023
0.0899207	2.22874
0.0253821	2.39588
0.135562	1.29037
0.0658248	0.564545
0.0828284	1.56459
0.0464005	1.4372
0.215295	1.4511
0.0875717	1.25153
0.411608	0.335117
0.459819	0.246572
0.317918	0.89531
0.408464	0.545278
0.304504	0.724482
0.149938	0.514538
0.492983	0.271247
0.344808	0.0923577
0.134473	1.39224
0.165472	0.43669
0.00538635	0.956804
0.420565	0.693448
0.178399	1.01105
0.0350739	0.795976
0.185081	1.64682
0.152494	1.89256
0.423977	0.510804
0.099715	2.3655
0.0478456	1.78125
0.0872517	2.15254
0.369512	0.61604
0.0911686	1.57786
0.388808	0.906061
0.166059	1.65103
0.22381	1.01752
0.0651926	1.98637
0.153071	1.06445
0.118468	0.819036
0.410413	0.767376
0.0919128	0.796845
0.260484	1.04903
0.172883	1.19168
0.33027	1.17392
0.242361	0.833674
0.237859	1.41248
0.141495	0.446304
0.168431	1.46636
0.108837	2.44748
0.195877	1.80706
0.0777793	2.17354
0.114216	1.00872
0.236397	1.45392
0.0980187	2.42757
0.198287	1.04141
0.258713	1.05204
0.187041	0.721101
0.135927	1.49095
0.172966	0.641481
0.113544	2.31798
0.0878813	1.16938
0.0902445	0.978122
0.302326	1.20699
0.2454	0.923961
0.330194	0.432814
0.250687	1.52599
0.162298	1.09535
0.0976303	1.21257
0.196247	1.17147
0.444088	0.565001
0.0800918	0.985537
0.338702	0.414739
0.276649	0.889931
0.163695	0.989562
0.156198	0.212601
0.147463	0.286249
0.264536	1.16352
0.0787401	1.47525
0.203875	0.853103
0.257881	1.12738
0.166482	0.0764385
0.146332	1.80283
0.305708	0.635543
0.160744	1.65936
0.173052	1.68642
0.412195	0.604642
0.256836	1.16728
0.43139	0.642129
0.0130205	0.682447
0.100514	0.361578
0.110069	1.27046
0.291209	0.514535
0.100678	1.61379
0.144665	2.21481
0.1665	1.36492
0.0644606	1.22259
0.0780929	2.25896
0.118633	1.5343
0.329243	1.15967
0.117518	1.74117
0.106321	1.12217
0.0625767	1.245
0.476731	0.267735
0.127451	0.832733
0.410848	0.631396
0.155813	1.64962
0.135823	0.835047
0.0772151	2.05785
0.224653	0.600275
0.0553453	1.04646
0.316099	1.15548
0.418289	0.776681
0.144562	1.60621
0.256108	0.34703
0.216889	0.541769
0.200093	0.66581
0.0161557	0.922013
0.340301	0.479535
0.135836	1.19615
0.393884	0.80882
0.153971	0.902431
0.33888	1.03197
0.0703749	2.8139
0.317046	0.748873
0.382471	0.601474
0.102765	0.48601
0.20796	1.05509
0.300286	0.643599
0.105047	1.73065
0.0432204	0.776859
0.0761251	0.681363
0.0431166	1.22987
0.19435	1.02348
0.0196118	0.427341
0.344398	1.03525
0.306809	0.657217
0.101055	1.71308
0.071636	1.35515
0.252731	0.15536
0.0540711	0.589518
0.110365	1.53391
0.100259	1.25701
0.138973	1.23632
0.0398785	2.52349
0.209263	1.49793
0.0636861	0.902785
0.171811	1.20124
0.145879	0.66059
0.14686	1.3573
0.166022	1.15776
0.409974	0.688389
0.395469	0.853724
0.0764624	0.685155
0.0902294	0.840615
0.245321	1.14867
0.167014	2.00697
0.00243173	2.64517
0.400734	0.422916
0.0659396	0.963169
0.0367019	2.80084
0.177457	0.724031
0.217038	1.38005
0.163462	0.92636
0.126529	2.26664
0.0699599	1.39774
0.331924	0.950073
0.199752	1.04212
0.115528	0.576075
0.377357	0.582757
0.225436	1.21901
0.123837	1.63405
0.163529	1.49384
0.0531998	1.74862
0	0
0.10165	1.60815
0.187131	1.18789
0.0136536	0.237911
0.192402	1.87518
0.133544	0.513696
0.0516891	2.25948
0.0572831	1.09658
0.155031	1.17624
0.220821	0.526354
0.253677	1.15758
0.174564	0.248587
0.383543	0.525433
0.142173	1.60825
0.293497	0.886993
0.178232	1.82
0.0560197	2.45722
0.280032	0.930876
0.112912	0.960097
0.205733	0.399338
0.306589	0.188773
0.347769	0.647192
0.191203	0.203137
0.281695	1.24322
0.101353	1.09868
0.0960088	2.80761
0.0622305	0.361635
0.133937	1.606
0.392222	0.7617
0.146411	2.17762
0.160236	0.306306
0.229628	0.548143
0.175508	1.32506
0.134586	1.02658
0.0505327	1.21566
0.07596	2.16364
0.182972	0.801179
0.0355734	0.458019
