0.0157575
0.0593831
0.0221129
0.0416172
0.0635084
0.0580883
0.0685872
0.0242699
0.0765946
0.185663
0.0921335
0.155019
0.0587042
0.0958533
0.059713
0.045938
0.080249
0.0727231
0.0824895
0.0565298
0.0237735
0.089707
0.0605802
0.185224
0.178722
0.0266197
0.0909207
0.157067
0.0854105
0.0213944
0.105563
0.0106265
0.0219695
0.0224431
0.0809524
0.199958
0.133151
0.179726
0.0308421
0.0277345
0.0186416
0.0727776
0.0118789
0.0453545
0.0145812
0.141523
0.0703077
0.0199447
0.0261435
0.0329096
0.141312
0.0692011
0.148465
0.186197
0.0253639
0.0750569
0.0654435
0.0663189
0.0643468
0.0723745
0.0575407
0.0706794
0.025957
0.0460591
0.110567
0.121215
0.10211
0.024979
0.119202
0.0873164
0.0453728
0.0819867
0.0422011
0.14415
0.0795551
0.111961
0.0854213
0.126706
0.0907089
0.132353
0.20181
0.00789403
0.129126
0.0476112
0.0281592
0.196994
0.0730101
0.021546
0.143767
0.177562
0.138694
0.0864434
0.214347
0.143345
0.124542
0.0328685
0.0649046
0.104085
0.0749669
0.0285046
0.119657
0.0766235
0.162077
0.139566
0.0105499
0.108364
0.102725
0.114727
0.138436
0.046279
0.195138
0.098543
0.0398221
0.117582
0.0160962
0.0673883
0.10578
0.199425
0.161492
0.0344909
0.00395776
0.0558049
0.0617359
0.093397
0.0399589
0.0234661
0.0618621
0.169918
0.0971505
0.0189045
0.212823
0.175317
0.166865
0.0867084
0.0841179
0.110579
0.0493904
0.0587436
0.113929
0.0281206
0.0082298
0.140633
0.0381895
0.0489693
0.0909134
0.105968
0.115259
0.113712
0.0236117
0.0981925
0.0217276
0.128172
0.221499
0.158739
0.136876
0.0237869
0.206208
0.0796346
0.154481
0.0813522
0.0207978
0.0470182
0.163866
0.160491
0.0586016
0.0928594
0.0142516
0.0354264
0.0171814
0.0486455
0.148871
0.0621766
0.109473
0.0323206
0.0186828
0.0407622
0.0941801
0.137325
0.0694041
0.113742
0.0296863
0.12343
0.0733161
0.032599
0.0387799
0.0828722
0.168807
0.0266271
0.0712546
0.212213
0.111353
0.0189547
0.148702
0.104997
0.193934
0.118753
0.100748
0.00802012
0.0546142
0.0186564
0.0142329
0.156646
0.0303666
0.0572929
0.0437838
0.022617
0.0506556
0.130594
0.010952
0.133901
0.033076
0.0742422
0.171114
0.0322897
0.0917178
0.0141798
0.0316109
0.0897051
0.054926
0.0811831
0.0488938
0.0764417
0.143398
0.0686385
0.0155368
0.150832
0.16639
0.0148281
0.0953586
0.121143
0.0787273
0.0148399
0.133063
0.0203265
0.108741
0.146007
0.13091
0.0130397
0.124981
0.111446
0.105625
0.0481467
0.164902
0.0596397
0.175242
0.0646723
0.181131
0.111079
0.0381993
0.116279
0.0465426
0.000932095
0.100317
0.142763
0.065913
0.0336345
0.0640569
0.167693
0.144056
0.067739
0.0359317
0.0683472
0.117918
0.0170415
0.0338139
0.0921799
0.0212888
0.00413596
0.035338
0.0342907
0.112629
0.0586926
0.123406
0.129409
0.112358
0.0703304
0.147357
0.108277
0.0678457
0.0202094
0.104903
0.162168
0.0478616
0.0577399
0.00703016
0.0715989
0.0563906
0.023485
0.158316
0.0985548
0.0153635
0.0676011
0.166231
0.20842
0.155876
0.0202618
0.0973931
0.0902239
0.0144054
0.204627
0.17731
0.183629
0.121809
0.0165034
0.0823326
0.103781
0.0305882
0.175589
0.140449
0.029931
0.159698
0.20982
0.153871
0.141014
0.0296463
0.0158371
0.176707
0.0534217
0.107723
0.10198
0.043331
0.0989189
0.0514534
0.0215382
0.0557229
0.115078
0.158438
0.12123
0.132599
0.0631289
0.193114
0.183313
0.0406017
0.0125058
0.138748
0.0168518
0.0201579
0.0503441
0.0870438
0.106343
0.183226
0.124821
0.0622201
0.0276306
0.052888
0.119301
0.0489299
0.019834
0.184525
0.0590217
0.0178871
0.0580855
0.0306538
0.159529
0.0324638
0.00153733
0.0768737
0.171652
0.0213784
0.11074
0.0391935
0.0956227
0.0342623
0.000824903
0.081888
0.0904324
0.179703
0.00036645
0.0475132
0.0670032
0.0550853
0.100688
0.142223
0.0519565
0.157108
0.110398
0.0881994
0.118196
0.102216
0.153924
0.0851878
0.0112321
0.0513401
0.139194
0.101087
0.0295138
0.127124
0.00561192
0.0441921
0.0904775
0.0927586
0.089037
0.0214843
0.0709421
0.0796657
0.0224949
0.175755
0.0300887
0.106522
0.108608
0.039981
0.112804
0.0908914
0.0579635
0.0965009
0.0444091
0.0886139
0.0958004
0.0284732
0.037682
0.0997864
0.11641
0.0183934
0.0987282
0.00784567
0.148862
0.09375
0.0637351
0.0692827
0.047816
0.100272
0.0538588
0.14212
0.129365
0.102541
0.0827766
0.104367
0.116971
0.131152
0.110244
0.047526
0.0387222
0.103347
0.010745
0.132074
0.0876842
0.0197602
0.0757492
0.1585
0.0156613
0.0987139
0.160321
0.0192093
0.0982012
0.130505
0.0743945
0.11877
0.118897
0.0452936
0.0441343
0.0209183
0.139109
0.164587
0.191922
0.0868047
0.19022
0.111493
0.0976444
0.0709261
0.0959013
0.115002
0.012466
0.111971
0.123186
0.168696
0.178394
0.0103503
0.1021
0.20392
0.0953278
0.125213
0.058649
0.063836
0.0575175
0.19291
0.0369362
0.0774535
0.0403799
0.109886
0.146842
0.149772
0.042317
0.0373374
0.0840888
0.113606
0.100945
0.0909497
0.0299812
0.00472751
0.0333549
0.0411614
0.00477859
0.0599647
0.0837752
0.0830481
0.0691754
0.101103
0.0808354
0.0522762
0.0894332
0.111347
0.0425168
0.124363
0.106112
0.0680674
0.0786212
0.0132708
0.00579618
0.0692325
0.0193296
0.130674
0.0697346
0.143937
0.141799
0.0907495
0.0744285
0.0486062
0.046727
0.0297308
0.124842
0.0310414
0.0350383
0.211288
0.113387
0.0533852
0.0463003
0.112564
0.0531449
0.0528605
0.0692561
0.0761729
0.0570094
0.0955541
0.0538455
0.127612
0.145735
0.135784
0.0686043
0.129517
0.0339611
0.0950754
0.0879405
0.131581
0.0947173
0.00767427
0.0556428
0.114575
0.00523105
0.0329732
0.0906861
0.107234
0.0148113
0.0728376
0.0899714
0.0769763
0.142366
0.0379524
0.00642486
0.216868
0.0847721
0.0568345
0.0597536
0.0933213
0.0160399
0.0764534
0.124335
0.0391057
0.0826744
0.0545356
0.0221576
0.0612604
0.0442139
0.158252
0.0518991
0.0299677
0.115585
0.0078264
0.0614441
0.0799803
0.0088208
0.0546154
0.0230008
0.0146458
0.0186735
0.0480059
0.0147197
0.0890389
0.0130827
0.045924
0.113166
0.119009
0.0866185
0.0877067
0.0258495
0.0194825
0.072787
0.0711849
0.100743
0.0374737
0.0259463
0.161131
0.0311011
0.134227
0.00383361
0.119157
0.0321907
0.0298529
0.0318578
0.162069
0.114573
0.0356676
0.108887
0.0202792
0.075508
0.0644883
0.106759
0.131517
0.082133
0.107074
0.157184
0.0248608
0.0552629
0.014862
0.179446
0.108329
0.0248399
0.0341899
0.131686
0.0295372
0.163803
0.0532659
0.132455
0.156454
0.101086
0.153846
0.0313763
0.161314
0.104257
0.154078
0.046047
0.156981
0.154342
0.142726
0.00701696
0.0987764
0.0282993
0.119125
0.0710932
0.118875
0.0314141
0.0382313
0.0575265
0.0433169
0.0102552
0.0695758
0.128574
0.0375011
0.101363
0.105666
0.0436042
0.059173
0.0822076
0.0900611
0.127754
0.058213
0.0300791
0.0471722
0.00353872
0.139838
0.0888472
0.159671
0.00585035
0.0387707
0.147212
0.0949895
0.0623223
0.165165
0.107649
0.0230231
0.0539809
0.164095
0.0483547
0.0250333
0.135345
0.0615523
0.150323
0.0947688
0.161581
0.0424392
0.0256621
0.0200917
0.0804701
0.0350969
0.0729114
0.0142568
0.0853041
0.00797298
0.164684
0.00581981
0.0984914
0.0478102
0.0598037
0.132153
0.0578334
0.00238742
0.0588317
0.0487423
0.134828
0.155801
0.113836
0.0751233
0.151943
0.0806044
0.000752087
0.0295258
0.0711969
0.154921
0.00781153
0.081763
0.117315
0.0954217
0.0492598
0.114475
0.0466951
0.0239969
0.0342536
0.161613
0.17588
0.0345716
0.0116227
0.0906482
0.0378975
0.0925795
0.0914851
0.0142462
0.0253661
0.126189
0.0283171
0.178217
0.161755
0.0439277
0.0354364
0.115009
0.101166
0.0120918
0.036286
0.051653
0.0041644
0.0266277
0.107209
0.133701
0.120178
0.0467176
0.113012
0.0638998
0.0214389
0.00449336
0.0156223
0.0735654
0.217123
0.047493
0.0595256
0.0243048
0.140159
0.0231023
0.0471572
0.210485
0.00460888
0.101427
0.0859305
0.187265
0.0657439
0.0453975
0.0975781
0.00946151
0.00187449
0.0525163
0.129484
0.174811
0.188325
0.0432453
0.0993419
0.0353488
0.054535
0.182921
0.124538
0.0967451
0.0428799
0.121454
0.0175366
0.0243572
0.0312491
0.0819991
0.0884021
0.0111185
0.1979
0.0478684
0.0550489
0.0363179
0.0188255
0.0314607
0.0243204
0.0807921
0.0427957
0.0169666
0.0259781
0.134885
0.0204558
0.165582
0.0474678
0.0259893
0.177541
0.0549737
0.101312
0.164149
0.0237533
0.156554
0.136432
0.0129965
0.20911
0.0904322
0.0537372
0.135609
0.0148486
0.19601
0.0369609
0.0415867
0.0312366
0.0367574
0.0541187
0.182892
0.0652533
0.0303467
0.0554251
0.0619335
0.0198187
0.0533253
0.0240506
0.0621202
0.134657
0.0475411
0.0521177
0.0694425
0.0907645
0.0989336
0.0293052
0.0301824
0.0166812
0.0043971
0.197731
0.087767
0.138097
0.0636492
0.0293053
0.0754859
0.029634
0.070144
0.0936693
0.0290981
0.0254211
0.0618106
0.00843756
0.0122875
0.112381
0.0850501
0.0808601
0.0145031
0.0907379
0.213535
0.048319
0.129631
0.00522012
0.0604303
0.0493483
0.161968
0.159386
0.166309
0.0159965
0.0686315
0.0604571
0.00908056
0.0372626
0.0973066
0.0601071
0.0364185
0.0978936
0.0372206
0.0417061
0.0330521
0.0106001
0.119954
0.0174584
0.0825167
0.00839188
0.109471
0.139669
0.0970136
0.0267653
0.122874
0.150926
0.0455441
0.0303682
0.0258846
0.0258463
0.0383232
0.116953
0.0480202
0.140913
0.132804
0.215484
0.0368591
0.0345647
0.137628
0.130973
0.0686735
0.11538
0.014993
0.103008
0.0422176
0.112736
0.0177149
0.206495
0.0622083
0.200428
0.090735
0.123066
0.16732
0.0435881
0.0901968
0.117656
0.0338403
0.11933
0.0427308
0.158558
0.102798
0.0519624
0.0545988
0.0290775
0.122177
0.00359396
0.0765031
0.0502847
0.202287
0.0296609
0.147208
0.124193
0.0876269
0.0294229
0.149956
0.089151
0.138875
0.0534111
0.0644943
0.063438
0.0988955
0.0672619
0.102986
0.00341665
0.0405301
0.142988
0.0612614
0.0731186
0.0746146
0.11633
0.0828265
0.0153341
0.125277
0.00872849
0.0643115
0.0625278
0.0481342
0.16874
0.110799
0.0291192
0.0115002
0.0341469
0.132332
0.164563
0.12309
0.0632835
0.102306
0.127168
0.0144124
0.051665
0.199686
0.0862772
0.158962
0.115156
0.10743
0.0945755
0.0345056
0.0702831
0.0595452
0.119387
0.0430872
0.161465
0.0534975
0.0627096
0.134834
0.184615
0.0807989
0.085365
0.158816
0.0182096
0.0388147
0.120352
0.0460438
0.0808415
0.162651
0.0836384
0.186227
0.0693001
0.0312125
0.0242659
0.100017
0.0630202
0.0573829
0.0685712
0.135685
0.0181702
0.0142491
0.0148108
0.173948
0.144483
0.061
0.0114796
0.140567
0.138931
0.167774
0.110205
0.0233652
0.127265
0.108617
0.0777787
0.076394
0.00143185
0.0399355
0.174759
0.0883574
0.0682959
0.147678
0.158289
0.0600637
0.0422863
0.131091
0.0565952
0.0633939
0.0245649
0.175871
0.189085
0.0133309
0.125748
0.149867
0.0731054
0.082618
0.110927
0.144288
0.105808
0.00185558
0.0543565
0.0725041
0.0224032
0.0298792
0.0931141
0.0406635
0.0385642
0.0171037
0.0449724
0.105799
0.160904
0.168424
0.11013
0.110238
0.0188804
0.0484849
0.202606
0.146585
0.135251
0.10242
0.0721701
0.172034
0.0416254
0.059544
0.0190621
0.0649738
0.0974184
0.102584
0.178858
0.0590958
0.0730893
0.164712
0.0179213
0.00334743
0.0817765
0.0890678
0.0487538
0.0498561
0.136425
0.0323047
0.128913
0.0681806
0.109332
0.0372624
0.0486209
0.129782
0.120782
0.106732
0.188767
0.0629519
0.096687
0.0018151
0.0767995
0.00780004
0.0851301
0.0291946
0.0510873
0.0136265
0.0111666
0.0403731
0.0848015
0.0534113
0.0381249
0.0877328
0.100025
0.0980113
0.161157
0.00707469
0.0630806
0.0237162
0.190057
0.0839426
0.0918686
0.139949
0.175774
0.123657
0.0158869
0.103393
0.0855201
0.100529
0.123396
0.0975129
0.132431
0.0156834
0.0186739
0.082906
0.0465448
0.0833781
0.140773
0.0407679
0.0157575
0.0593831
0.0221129
0.0416172
0.0635084
0.0580883
0.0685872
0.0242699
0.0765946
0.185663
0.0921335
0.155019
0.0587042
0.0958533
0.059713
0.045938
0.080249
0.0727231
0.0824895
0.0565298
0.0237735
0.089707
0.0605802
0.185224
0.178722
0.0266197
0.0909207
0.157067
0.0854105
0.0213944
0.105563
0.0106265
0.0219695
0.0224431
0.0809524
0.199958
0.133151
0.179726
0.0308421
0.0277345
0.0186416
0.0727776
0.0118789
0.0453545
0.0145812
0.141523
0.0703077
0.0199447
0.0261435
0.0329096
0.141312
0.0692011
0.148465
0.186197
0.0253639
0.0750569
0.0654435
0.0663189
0.0643468
0.0723745
0.0575407
0.0706794
0.025957
0.0460591
0.110567
0.121215
0.10211
0.024979
0.119202
0.0873164
0.0453728
0.0819867
0.0422011
0.14415
0.0795551
0.111961
0.0854213
0.126706
0.0907089
0.132353
0.20181
0.00789403
0.129126
0.0476112
0.0281592
0.196994
0.0730101
0.021546
0.143767
0.177562
0.138694
0.0864434
0.214347
0.143345
0.124542
0.0328685
0.0649046
0.104085
0.0749669
0.0285046
0.119657
0.0766235
0.162077
0.139566
0.0105499
0.108364
0.102725
0.114727
0.138436
0.046279
0.195138
0.098543
0.0398221
0.117582
0.0160962
0.0673883
0.10578
0.199425
0.161492
0.0344909
0.00395776
0.0558049
0.0617359
0.093397
0.0399589
0.0234661
0.0618621
0.169918
0.0971505
0.0189045
0.212823
0.175317
0.166865
0.0867084
0.0841179
0.110579
0.0493904
0.0587436
0.113929
0.0281206
0.0082298
0.140633
0.0381895
0.0489693
0.0909134
0.105968
0.115259
0.113712
0.0236117
0.0981925
0.0217276
0.128172
0.221499
0.158739
0.136876
0.0237869
0.206208
0.0796346
0.154481
0.0813522
0.0207978
0.0470182
0.163866
0.160491
0.0586016
0.0928594
0.0142516
0.0354264
0.0171814
0.0486455
0.148871
0.0621766
0.109473
0.0323206
0.0186828
0.0407622
0.0941801
0.137325
0.0694041
0.113742
0.0296863
0.12343
0.0733161
0.032599
0.0387799
0.0828722
0.168807
0.0266271
0.0712546
0.212213
0.111353
0.0189547
0.148702
0.104997
0.193934
0.118753
0.100748
0.00802012
0.0546142
0.0186564
0.0142329
0.156646
0.0303666
0.0572929
0.0437838
0.022617
0.0506556
0.130594
0.010952
0.133901
0.033076
0.0742422
0.171114
0.0322897
0.0917178
0.0141798
0.0316109
0.0897051
0.054926
0.0811831
0.0488938
0.0764417
0.143398
0.0686385
0.0155368
0.150832
0.16639
0.0148281
0.0953586
0.121143
0.0787273
0.0148399
0.133063
0.0203265
0.108741
0.146007
0.13091
0.0130397
0.124981
0.111446
0.105625
0.0481467
0.164902
0.0596397
0.175242
0.0646723
0.181131
0.111079
0.0381993
0.116279
0.0465426
0.000932095
0.100317
0.142763
0.065913
0.0336345
0.0640569
0.167693
0.144056
0.067739
0.0359317
0.0683472
0.117918
0.0170415
0.0338139
0.0921799
0.0212888
0.00413596
0.035338
0.0342907
0.112629
0.0586926
0.123406
0.129409
0.112358
0.0703304
0.147357
0.108277
0.0678457
0.0202094
0.104903
0.162168
0.0478616
0.0577399
0.00703016
0.0715989
0.0563906
0.023485
0.158316
0.0985548
0.0153635
0.0676011
0.166231
0.20842
0.155876
0.0202618
0.0973931
0.0902239
0.0144054
0.204627
0.17731
0.183629
0.121809
0.0165034
0.0823326
0.103781
0.0305882
0.175589
0.140449
0.029931
0.159698
0.20982
0.153871
0.141014
0.0296463
0.0158371
0.176707
0.0534217
0.107723
0.10198
0.043331
0.0989189
0.0514534
0.0215382
0.0557229
0.115078
0.158438
0.12123
0.132599
0.0631289
0.193114
0.183313
0.0406017
0.0125058
0.138748
0.0168518
0.0201579
0.0503441
0.0870438
0.106343
0.183226
0.124821
0.0622201
0.0276306
0.052888
0.119301
0.0489299
0.019834
0.184525
0.0590217
0.0178871
0.0580855
0.0306538
0.159529
0.0324638
0.00153733
0.0768737
0.171652
0.0213784
0.11074
0.0391935
0.0956227
0.0342623
0.000824903
0.081888
0.0904324
0.179703
0.00036645
0.0475132
0.0670032
0.0550853
0.100688
0.142223
0.0519565
0.157108
0.110398
0.0881994
0.118196
0.102216
0.153924
0.0851878
0.0112321
0.0513401
0.139194
0.101087
0.0295138
0.127124
0.00561192
0.0441921
0.0904775
0.0927586
0.089037
0.0214843
0.0709421
0.0796657
0.0224949
0.175755
0.0300887
0.106522
0.108608
0.039981
0.112804
0.0908914
0.0579635
0.0965009
0.0444091
0.0886139
0.0958004
0.0284732
0.037682
0.0997864
0.11641
0.0183934
0.0987282
0.00784567
0.148862
0.09375
0.0637351
0.0692827
0.047816
0.100272
0.0538588
0.14212
0.129365
0.102541
0.0827766
0.104367
0.116971
0.131152
0.110244
0.047526
0.0387222
0.103347
0.010745
0.132074
0.0876842
0.0197602
0.0757492
0.1585
0.0156613
0.0987139
0.160321
0.0192093
0.0982012
0.130505
0.0743945
0.11877
0.118897
0.0452936
0.0441343
0.0209183
0.139109
0.164587
0.191922
0.0868047
0.19022
0.111493
0.0976444
0.0709261
0.0959013
0.115002
0.012466
0.111971
0.123186
0.168696
0.178394
0.0103503
0.1021
0.20392
0.0953278
0.125213
0.058649
0.063836
0.0575175
0.19291
0.0369362
0.0774535
0.0403799
0.109886
0.146842
0.149772
0.042317
0.0373374
0.0840888
0.113606
0.100945
0.0909497
0.0299812
0.00472751
0.0333549
0.0411614
0.00477859
0.0599647
0.0837752
0.0830481
0.0691754
0.101103
0.0808354
0.0522762
0.0894332
0.111347
0.0425168
0.124363
0.106112
0.0680674
0.0786212
0.0132708
0.00579618
0.0692325
0.0193296
0.130674
0.0697346
0.143937
0.141799
0.0907495
0.0744285
0.0486062
0.046727
0.0297308
0.124842
0.0310414
0.0350383
0.211288
0.113387
0.0533852
0.0463003
0.112564
0.0531449
0.0528605
0.0692561
0.0761729
0.0570094
0.0955541
0.0538455
0.127612
0.145735
0.135784
0.0686043
0.129517
0.0339611
0.0950754
0.0879405
0.131581
0.0947173
0.00767427
0.0556428
0.114575
0.00523105
0.0329732
0.0906861
0.107234
0.0148113
0.0728376
0.0899714
0.0769763
0.142366
0.0379524
0.00642486
0.216868
0.0847721
0.0568345
0.0597536
0.0933213
0.0160399
0.0764534
0.124335
0.0391057
0.0826744
0.0545356
0.0221576
0.0612604
0.0442139
0.158252
0.0518991
0.0299677
0.115585
0.0078264
0.0614441
0.0799803
0.0088208
0.0546154
0.0230008
0.0146458
0.0186735
0.0480059
0.0147197
0.0890389
0.0130827
0.045924
0.113166
0.119009
0.0866185
0.0877067
0.0258495
0.0194825
0.072787
0.0711849
0.100743
0.0374737
0.0259463
0.161131
0.0311011
0.134227
0.00383361
0.119157
0.0321907
0.0298529
0.0318578
0.162069
0.114573
0.0356676
0.108887
0.0202792
0.075508
0.0644883
0.106759
0.131517
0.082133
0.107074
0.157184
0.0248608
0.0552629
0.014862
0.179446
0.108329
0.0248399
0.0341899
0.131686
0.0295372
0.163803
0.0532659
0.132455
0.156454
0.101086
0.153846
0.0313763
0.161314
0.104257
0.154078
0.046047
0.156981
0.154342
0.142726
0.00701696
0.0987764
0.0282993
0.119125
0.0710932
0.118875
0.0314141
0.0382313
0.0575265
0.0433169
0.0102552
0.0695758
0.128574
0.0375011
0.101363
0.105666
0.0436042
0.059173
0.0822076
0.0900611
0.127754
0.058213
0.0300791
0.0471722
0.00353872
0.139838
0.0888472
0.159671
0.00585035
0.0387707
0.147212
0.0949895
0.0623223
0.165165
0.107649
0.0230231
0.0539809
0.164095
0.0483547
0.0250333
0.135345
0.0615523
0.150323
0.0947688
0.161581
0.0424392
0.0256621
0.0200917
0.0804701
0.0350969
0.0729114
0.0142568
0.0853041
0.00797298
0.164684
0.00581981
0.0984914
0.0478102
0.0598037
0.132153
0.0578334
0.00238742
0.0588317
0.0487423
0.134828
0.155801
0.113836
0.0751233
0.151943
0.0806044
0.000752087
0.0295258
0.0711969
0.154921
0.00781153
0.081763
0.117315
0.0954217
0.0492598
0.114475
0.0466951
0.0239969
0.0342536
0.161613
0.17588
0.0345716
0.0116227
0.0906482
0.0378975
0.0925795
0.0914851
0.0142462
0.0253661
0.126189
0.0283171
0.178217
0.161755
0.0439277
0.0354364
0.115009
0.101166
0.0120918
0.036286
0.051653
0.0041644
0.0266277
0.107209
0.133701
0.120178
0.0467176
0.113012
0.0638998
0.0214389
0.00449336
0.0156223
0.0735654
0.217123
0.047493
0.0595256
0.0243048
0.140159
0.0231023
0.0471572
0.210485
0.00460888
0.101427
0.0859305
0.187265
0.0657439
0.0453975
0.0975781
0.00946151
0.00187449
0.0525163
0.129484
0.174811
0.188325
0.0432453
0.0993419
0.0353488
0.054535
0.182921
0.124538
0.0967451
0.0428799
0.121454
0.0175366
0.0243572
0.0312491
0.0819991
0.0884021
0.0111185
0.1979
0.0478684
0.0550489
0.0363179
0.0188255
0.0314607
0.0243204
0.0807921
0.0427957
0.0169666
0.0259781
0.134885
0.0204558
0.165582
0.0474678
0.0259893
0.177541
0.0549737
0.101312
0.164149
0.0237533
0.156554
0.136432
0.0129965
0.20911
0.0904322
0.0537372
0.135609
0.0148486
0.19601
0.0369609
0.0415867
0.0312366
0.0367574
0.0541187
0.182892
0.0652533
0.0303467
0.0554251
0.0619335
0.0198187
0.0533253
0.0240506
0.0621202
0.134657
0.0475411
0.0521177
0.0694425
0.0907645
0.0989336
0.0293052
0.0301824
0.0166812
0.0043971
0.197731
0.087767
0.138097
0.0636492
0.0293053
0.0754859
0.029634
0.070144
0.0936693
0.0290981
0.0254211
0.0618106
0.00843756
0.0122875
0.112381
0.0850501
0.0808601
0.0145031
0.0907379
0.213535
0.048319
0.129631
0.00522012
0.0604303
0.0493483
0.161968
0.159386
0.166309
0.0159965
0.0686315
0.0604571
0.00908056
0.0372626
0.0973066
0.0601071
0.0364185
0.0978936
0.0372206
0.0417061
0.0330521
0.0106001
0.119954
0.0174584
0.0825167
0.00839188
0.109471
0.139669
0.0970136
0.0267653
0.122874
0.150926
0.0455441
0.0303682
0.0258846
0.0258463
0.0383232
0.116953
0.0480202
0.140913
0.132804
0.215484
0.0368591
0.0345647
0.137628
0.130973
0.0686735
0.11538
0.014993
0.103008
0.0422176
0.112736
0.0177149
0.206495
0.0622083
0.200428
0.090735
0.123066
0.16732
0.0435881
0.0901968
0.117656
0.0338403
0.11933
0.0427308
0.158558
0.102798
0.0519624
0.0545988
0.0290775
0.122177
0.00359396
0.0765031
0.0502847
0.202287
0.0296609
0.147208
0.124193
0.0876269
0.0294229
0.149956
0.089151
0.138875
0.0534111
0.0644943
0.063438
0.0988955
0.0672619
0.102986
0.00341665
0.0405301
0.142988
0.0612614
0.0731186
0.0746146
0.11633
0.0828265
0.0153341
0.125277
0.00872849
0.0643115
0.0625278
0.0481342
0.16874
0.110799
0.0291192
0.0115002
0.0341469
0.132332
0.164563
0.12309
0.0632835
0.102306
0.127168
0.0144124
0.051665
0.199686
0.0862772
0.158962
0.115156
0.10743
0.0945755
0.0345056
0.0702831
0.0595452
0.119387
0.0430872
0.161465
0.0534975
0.0627096
0.134834
0.184615
0.0807989
0.085365
0.158816
0.0182096
0.0388147
0.120352
0.0460438
0.0808415
0.162651
0.0836384
0.186227
0.0693001
0.0312125
0.0242659
0.100017
0.0630202
0.0573829
0.0685712
0.135685
0.0181702
0.0142491
0.0148108
0.173948
0.144483
0.061
0.0114796
0.140567
0.138931
0.167774
0.110205
0.0233652
0.127265
0.108617
0.0777787
0.076394
0.00143185
0.0399355
0.174759
0.0883574
0.0682959
0.147678
0.158289
0.0600637
0.0422863
0.131091
0.0565952
0.0633939
0.0245649
0.175871
0.189085
0.0133309
0.125748
0.149867
0.0731054
0.082618
0.110927
0.144288
0.105808
0.00185558
0.0543565
0.0725041
0.0224032
0.0298792
0.0931141
0.0406635
0.0385642
0.0171037
0.0449724
0.105799
0.160904
0.168424
0.11013
0.110238
0.0188804
0.0484849
0.202606
0.146585
0.135251
0.10242
0.0721701
0.172034
0.0416254
0.059544
0.0190621
0.0649738
0.0974184
0.102584
0.178858
0.0590958
0.0730893
0.164712
0.0179213
0.00334743
0.0817765
0.0890678
0.0487538
0.0498561
0.136425
0.0323047
0.128913
0.0681806
0.109332
0.0372624
0.0486209
0.129782
0.120782
0.106732
0.188767
0.0629519
0.096687
0.0018151
0.0767995
0.00780004
0.0851301
0.0291946
0.0510873
0.0136265
0.0111666
0.0403731
0.0848015
0.0534113
0.0381249
0.0877328
0.100025
0.0980113
0.161157
0.00707469
0.0630806
0.0237162
0.190057
0.0839426
0.0918686
0.139949
0.175774
0.123657
0.0158869
0.103393
0.0855201
0.100529
0.123396
0.0975129
0.132431
0.0156834
0.0186739
0.082906
0.0465448
0.0833781
0.140773
0.0407679
0.197779
0.0674482
0.0892727
0.00555206
0.0728009
0.105507
0.195485
0.0366625
0.0341189
0.0300383
0.0811215
0.017113
0.146442
0.0526941
0.157386
0.133303
0.0900351
0.150991
0.0956363
0.11484
0.024618
0.025132
0.0279127
0.103651
0.0145666
0.0232336
0.0647492
0.0200557
0.0397607
0.110614
0.063587
0.102735
0.0738102
0.0354946
0.0992808
0.109216
0.0552181
0.0260041
0.0152752
0.15699
0.0267198
0.11819
0.172396
0.106262
0.111656
0.052328
0.0392793
0.0674294
0.0781101
0.0187764
0.158681
0.118159
0.0306812
0.0695846
0.0580855
0.0205491
0.146267
0.0482282
0.136408
0.0796635
0.0492256
0.0609051
0.0922676
0.00859352
0.0987942
0.0478861
0.0911849
0.099905
0.100544
0.193554
0.0980984
0.0463797
0.0812401
0.170094
0.0858057
0.0230622
0.116424
0.00832176
0.0354126
0.147816
0.0328294
0.0734595
0.0628407
0.0973201
0.100105
0.0721826
0.0406857
0.0208029
0.0232096
0.136644
0.0688962
0.0799223
0.0162446
0.157138
0.0531068
0.132133
0.0868494
0.135894
0.0967945
0.213162
0.064715
0.0739842
0.0437297
0.0790254
0.197285
0.0653203
0.0656493
0.200578
0.0450002
0.020603
0.213885
0.146154
0.136514
0.13265
0.0391165
0.0827386
0.0636614
0.0227161
0.113111
0.0164388
0.100912
0.00582145
0.0272059
0.120773
0.14296
0.0616392
0.134555
0.0664189
0.0237534
0.102961
0.0239324
0.0418118
0.0809571
0.0164076
0.0565377
0.0444174
0.010827
0.0836477
0.080775
0.007235
0.0164504
0.163515
0.0366057
0.0978168
0.0211414
0.0266712
0.0843666
0.0619253
0.0192039
0.0146312
0.0713291
0.033185
0.105198
0.126546
0.1516
0.029495
0.093584
0.0427262
0.0290818
0.179938
0.101626
0.0599149
0.0714152
0.0155326
0.0323518
0.0172305
0.0822508
0.0164458
0.193905
0.0434197
0.0883873
0.00859892
0.189531
0.0241499
0.0834295
0.115483
0.133779
0.0201524
0.0896307
0.0163087
0.100882
0.136561
0.0499292
0.0413686
0.0454309
0.11703
0.0743071
0.0479565
0.0374053
0.139061
0.111983
0.143457
0.0187525
0.186186
0.100537
0.195084
0.011201
0.0366451
0.0488983
0.148129
0.0476391
0.0238372
0.0230809
0.043345
0.0295334
0.175428
0.0984346
0.0672408
0.0324581
0.044646
0.0808517
0.0127169
0.0899453
0.0404349
0.0782606
0.114429
0.114393
0.116172
0.0590152
0.18377
0.030871
0.00639421
0.0664852
0.102601
0.0788785
0.04362
0.137252
0.018406
0.0822072
0.0536236
0.169065
0.0657819
0.058379
0.112316
0.149041
0.114139
0.0455134
0.0278533
0.0266637
0.12814
0.205741
0.0809594
0.0214332
0.0919917
0.0474449
0.028758
0.0804276
0.0222654
0.101121
0.0672853
0.012301
0.0375653
0.206027
0.138149
0.0341124
0.0496563
0.0609741
0.067381
0.193179
0.0896512
0.0253463
0.0471015
0.124489
0.12779
0.00366467
0.0233073
0.0515889
0.0137197
0.0341633
0.0302787
0.0830292
0.182109
0.0961701
0.18077
0.152286
0.10133
0.0875907
0.0879609
0.0331452
0.00217736
0.109846
0.178691
0.0171319
0.189544
0.125213
0.0171509
0.0644927
0.12265
0.0591294
0.219953
0.0462832
0.117361
0.0561342
0.0865585
0.203571
0.11155
0.0704288
0.0178667
0.111738
0.152513
0.0493287
0.0155031
0.0120213
0.0227125
0.0211113
0.100482
0.0519217
0.0440161
0.0785391
0.00752994
0.0983182
0.158701
0.0818001
0.0691549
0.0274948
0.0540747
0.0447389
0.0186484
0.0504413
0.0463084
0.0383314
0.015988
0.0473979
0.0544869
0.0566033
0.101861
0.0482413
0.141647
0.195906
0.0633897
0.0741157
0.0538539
0.0851315
0.00355272
0.060337
0.104589
0.0792779
0.113915
0.0529061
0.06472
0.116321
0.0244342
0.0156629
0.0719219
0.0310811
0.0847987
0.0282243
0.0733801
0.0253946
0.0675282
0.00795874
0.0619197
0.0591221
0.0666622
0.139831
0.107609
0.119049
0.0613544
0.0706211
0.0330489
0.118081
0.0424634
0.0708529
0.0662266
0.113142
0.0562063
0.190544
0.0182356
0.0996825
0.1193
0.0631027
0.0556715
0.0500842
0.156635
0.00655977
0.0657891
0.0493678
0.137633
0.151115
0.0892825
0.0378472
0.13591
0.182582
0.170547
0.12058
0.0102263
0.168598
0.0448807
0.11201
0.0865632
0.092587
0.0471283
0.117874
0.026563
0.0941755
0.178865
0.157573
0.0144922
0.155568
0.158835
0.0788087
0.0145716
0.0890902
0.0270124
0.0698888
0.0218076
0.174315
0.181149
0.110106
0.0410964
0.0612602
0.105419
0.0309822
0.0924158
0.0183787
0.00940281
0.0469219
0.0396417
0.0646392
0.12991
0.0959794
0.0407368
0.106444
0.0837418
0.0335895
0.0311569
0.0884491
0.0997488
0.162398
0.0889764
0.0952664
0.0322343
0.00266292
0.0376435
0.00247992
0.0601575
0.0354281
0.0397312
0.0234286
0.0298995
0.0673943
0.0890482
0.109883
0.0310923
0.0321599
0.0297775
0.0164605
0.114877
0.0784591
0.175814
0.197552
0.0249076
0.130711
0.0512134
0.101644
0.030351
0.090753
0.0123992
0.115253
0.0323213
0.0540961
0.122795
0.0605332
0.0158863
0.024478
0.00208507
0.125564
0.0676975
0.0370567
0.161185
0.0566931
0.073569
0.194128
0.0751899
0.0362505
0.0270273
0.079172
0.0275404
0.0642249
0.178109
0.0268639
0.0346975
0.0221732
0.100844
0.10636
0.181397
0.119738
0.158083
0.068867
0.0725193
0.115407
0.0277422
0.0730816
0.108578
0.0699937
0.0940324
0.106302
0.0895098
0.102751
0.169605
0.0788956
0.0747516
0.189306
0.101382
0.0788223
0.0873007
0.0569894
0.0550788
0.0261231
0.144253
0.0434649
0.0566716
0.0258861
0.111526
0.0364292
0.0401385
0.0656056
0.0807102
0.0373001
0.0232306
0.158954
0.154568
0.136346
0.108489
0.0983051
0.0603542
0.160277
0.046711
0.00731267
0.14158
0.104479
0.133737
0.0436792
0.0624868
0.162579
0.0095002
0.100219
0.0879959
0.0255794
0.105685
0.0828064
0.0641206
0.1025
0.159864
0.00878702
0.0586407
0.157217
0.0213803
0.0777717
0.0482486
0.0382287
0.0303303
0.0318872
0.0270637
0.0355982
0.0473509
0.145794
0.0395732
0.00359354
0.040447
0.117338
0.00964882
0.0865203
0.13815
0.0787197
0.0278978
0.0140999
0.033465
0.0962288
0.056202
0.182231
0.137342
0.0238538
0.0656352
0.105204
0.021173
0.0778915
0.0562234
0.0439415
0.0804086
0.026128
0.126885
0.0768767
0.0422049
0.0956015
0.0946055
0.0795986
0.072773
0.166021
0.036545
0.134815
0.178626
0.111889
0.0834714
0.0311346
0.0326536
0.0807649
0.110689
0.0305083
0.00924449
0.0861064
0.0608021
0.0286143
0.080329
0.0241445
0.017648
0.0645627
0.0323071
0.0460911
0.0681212
0.0537494
0.0398475
0.171793
0.0235054
0.13025
0.0322427
0.0495336
0.0355999
0.082153
0.0765926
0.116381
0.0666592
0.112007
0.0481533
0.157833
0.0599637
0.140407
0.0677729
0.0388363
0.206634
0.0169214
0.0366278
0.159249
0.0103068
0.102908
0.0142383
0.117373
0.086295
0.121845
0.103899
0.0282354
0.0683583
0.118051
0.0325997
0.0190981
0.0835945
0.0228503
0.142352
0.0359278
0.0613645
0.0105494
0.158177
0.110072
0.131422
0.0552074
0.071963
0.158209
0.0562614
0.111871
0.0275214
0.087014
0.143984
0.0507404
0.113427
0.00587356
0.19325
0.00709666
0.0827422
0.0476013
0.0705976
0.126171
0.0291331
0.0535711
0.0856439
0.0205846
0.0708636
0.0762738
0.0193499
0.0763243
0.058439
0.0222514
0.030598
0.0258627
0.000981806
0.0636771
0.161414
0.0533216
0.155102
0.087172
0.115496
0.131935
0.0477875
0.148119
0.0305866
0.113144
0.156323
0.104342
0.1548
0.0574836
0.138389
0.009425
0.154225
0.0428116
0.109435
0.0486903
0.0304246
0.101095
0.044163
0.167206
0.082197
0.164963
0.124412
0.108845
0.0668261
0.0110594
0.00724704
0.112264
0.173248
0.133112
0.129224
0.0513672
0.129637
0.0520006
0.0109993
0.0836659
0.10262
0.035878
0.0101472
0.12538
0.0190702
0.114873
0.0165248
0.111257
0.167297
0.0861724
0.0449027
0.163732
0.0819385
0.0609059
0.0749042
0.0080456
0.197811
0.130952
0.0820003
0.169545
0.041702
0.0450681
0.0599497
0.0473189
0.124724
0.066273
0.0977989
0.108807
0.105571
0.10957
0.148477
0.0462485
0.210891
0.152038
0.0443199
0.120233
0.0848423
0.0710972
0.078204
0.0348731
0.096036
0.0454047
0.100631
0.142789
0.156553
0.0545794
0.0155995
0.118813
0.0637099
0.129259
0.140845
0.119719
0.0230215
0.0993981
0.0201701
0.00428428
0.0662629
0.0877342
0.155946
0.0259315
0.107015
0.0375669
0.0063905
0.0282609
0.0498588
0.152841
0.0764077
0.0401956
0.110085
0.0613071
0.0485739
0.140972
0.121239
0.0718423
0.0371812
0.036539
0.0674444
0.0671115
0.107928
0.114019
0.0419929
0.0581268
0.0455628
0.11888
0.0203734
0.0236569
0.0864886
0.0134373
0.0508536
0.117882
0.031984
0.0648452
0.0279046
0.0909201
0.0196092
0.0586844
0.0530864
0.0233904
0.0814945
0.0514362
0.0915099
0.0357893
0.0925381
0.127007
0.168484
0.146159
0.0266627
0.0757372
0.0414437
0.0645263
0.0739724
0.190172
0.0302299
0.0604921
0.100226
0.0497046
0.148283
0.051228
0.104209
0.0652954
0.0774045
0.0245114
0.0834227
0.0321611
0.192023
0.133783
0.0723323
0.143783
0.000948146
0.0614476
0.0858676
0.0373179
0.143277
0.0528262
0.0988946
0.181811
0.0411445
0.0708892
0.11969
0.186126
0.00557838
0.0918121
0.0172858
0.0594479
0.0380836
0.00271975
0.0907996
0.0244453
0.0481973
0.0101971
0.106867
0.0216949
0.060565
0.00248708
0.031361
0.0443216
0.0275584
0.042726
0.096816
0.0888283
0.123992
0.151505
0.165402
0.160013
0.030099
0.0661828
0.0456131
0.0352521
0.0548535
0.0394239
0.0476977
0.053329
0.146079
0.0876998
0.0346234
0.139611
0.0615663
0.143813
0.101408
0.0307257
0.0517176
0.0297224
0.0580698
0.0130311
0.174198
0.112208
0.0881974
0.096933
0.0203663
0.0730167
0.0888872
0.196748
0.0183264
0.0961624
0.0943105
0.0464852
0.142933
0.00580397
0.039919
0.182906
0.164859
0.0822519
0.0779393
0.0119494
0.0575442
0.0445816
0.157556
0.111049
0.0468561
0.0653236
0.0703468
0.107428
0.0940447
0.02156
0.0680744
0.0421443
0.0393503
0.0602567
0.0620088
0.119215
0.0626122
0.0312179
0.0217576
0.0668223
0.0125674
0.0238192
0.0651178
0.0736953
0.085708
0.00302774
0.0642724
0.0716807
0.0697634
0.168685
0.0948343
0.0679957
0.0159536
0.105212
0.121902
0.012141
0.00966744
0.0434757
0.0805858
0.0832847
0.179216
0.10138
0.103698
0.109798
0.0725595
0.155279
0.0956641
0.0473618
0.0693032
0.119522
0.122081
0.0972146
0.0948816
0.0681638
0.06957
0.0294156
0.0106246
0.00849141
0.0406701
0.0414245
0.00864536
0.0585587
0.201287
0.0987484
0.132234
0.0572098
0.120412
0.175164
0.0109653
0.167134
0.171544
0.0355515
0.17354
0.0643298
0.0816498
0.127323
0.0823439
0.0113568
0.0205627
0.0898664
0.0903307
0.10902
0.046437
0.0500988
0.167552
0.147806
0.0375432
0.0472413
0.121776
0.0734156
0.0102431
0.189245
0.024487
0.149543
0.113328
0.068895
0.0788806
0.116544
0.0904671
0.129458
0.0318171
0.18712
0.1251
0.0232468
0.0417772
0.162688
0.204009
0.0335554
0.111558
0.0240338
0.0318361
0.0600618
0.123288
0.145199
0.0772777
0.0893129
0.0540633
0.0641121
0.0735237
0.0675831
0.018084
0.213579
0.0396852
0.189457
0.0692937
0.0628551
0.0247726
