0.187592
0.143941
0.0204244
0.0493431
0.0962487
0.0438625
0.00568857
0.083391
0.0416982
0.178997
0.0447516
0.0459409
0.152835
0.0440682
0.166832
0.0574537
0.159666
0.0439313
0.033234
0.0512337
0.0897588
0.084376
0.0684827
0.131378
0.094284
0.0597348
0.135014
0.119932
0.0387978
0.0435802
0.0100845
0.183347
0.090879
0.138502
0.101345
0.135023
0.0527207
0.107732
0.0185912
0.0328452
0.0599638
0.133846
0.0422886
0.0741902
0.136471
0.139619
0.00699741
0.0103007
0.0286891
0.133597
0.164887
0.0351259
0.182699
0.109446
0.109464
0.0514135
0.0967062
0.11019
0.20794
0.0495245
0.0115498
0.180778
0.0368876
0.207378
0.171216
0.102624
0.0576893
0.0353224
0.134031
0.0348151
0.0388072
0.087542
0.0043214
0.0458519
0.195815
0.0264376
0.024761
0.188763
0.0546801
0.0639334
0.0986725
0.0868474
0.08533
0.105397
0.00657951
0.104792
0.0999667
0.0647586
0.0818038
0.00275791
0.143227
0.131256
0.0856361
0.0234102
0.0175588
0.143938
0.0201202
0.0397233
0.0249876
0.00730281
0.017824
0.0553932
0.0529274
0.0486966
0.0261399
0.107435
0.0101023
0.0224914
0.0463015
0.0485731
0.00733812
0.0607026
0.116509
0.0665493
0.00526017
0.0812529
0.00750704
0.149161
0.0504465
0.0130248
0.164961
0.0786211
0.0449086
0.082646
0.0344237
0.106957
0.221197
0.191418
0.198203
0.0663131
0.0504279
0.0336091
0.0510338
0.108977
0.084561
0.0834623
0.0629166
0.0579368
0.154317
0.179838
0.0321423
0.110046
0.0281207
0.0593993
0.158106
0.00309484
0.0914544
0.11397
0.0782626
0.0788588
0.138186
0.0161733
0.090042
0.0409823
0.11063
0.169797
0.0666982
0.145097
0.111576
0.0363487
0.0672171
0.0428199
0.107069
0.0164435
0.119129
0.00913774
0.0432863
0.101073
0.148454
0.0724138
0.0963478
0.0293824
0.0889216
0.153938
0.0900258
0.00526996
0.176698
0.00992716
0.163577
0.109549
0.0633072
0.0346507
0.0830297
0.041479
0.0585824
0.0252936
0.13293
0.0503014
0.124707
0.0531302
0.108387
0.0827406
0.181074
0.0616899
0.017571
0.0563024
0.0994535
0.00523715
0.0303607
0.124693
0.0218387
0.148197
0.0467288
0.0305295
0.106874
0.0291037
0.00568326
0.0210144
0.169299
0.0607585
0.152967
0.100218
0.103344
0.101806
0.0291222
0.0157214
0.0449776
0.0661195
0.0640577
0.0341657
0.0680063
0.153585
0.0265891
0.0516391
0.0552559
0.0931981
0.160528
0.0210819
0.025248
0.0607332
0.180379
0.106528
0.0496844
0.0936081
0.0954911
0.00840486
0.048971
0.0660176
0.0825065
0.0452527
0.0552994
0.00984016
0.0491471
0.131086
0.0710987
0.0728591
0.0785672
0.0500677
0.0542057
0.0324696
0.0784942
0.147869
0.157294
0.0161068
0.210583
0.0739341
0.126762
0.011289
0.00768765
0.150927
0.152108
0.0325081
0.0797974
0.0399674
0.125029
0.181442
0.0336597
0.0153929
0.0180758
0.101997
0.0311262
0.167505
0.157389
0.0303947
0.190112
0.122402
0.00397599
0.0837723
0.20803
0.0524621
0.16912
0.174404
0.0319
0.0255907
0.182107
0.00771554
0.200528
0.0640483
0.0142673
0.159993
0.0294803
0.0178757
0.073502
0.0766339
0.028353
0.0818695
0.0338614
0.0347055
0.0419888
0.0806835
0.0672274
0.0793077
0.0138786
0.11602
0.0458054
0.12768
0.0122212
0.0507599
0.0136165
0.00903846
0.0396741
0.0522255
0.0140873
0.118613
0.101616
0.0704253
0.127173
0.136435
0.101401
0.138967
0.0299
0.0894427
0.0166881
0.0653867
0.0525017
0.0800045
0.153974
0.0389311
0.0526287
0.116589
0.0111027
0.0998231
0.0438424
0.130668
0.131784
0.0419383
0.156515
0.013512
0.0691893
0.0642168
0.0660388
0.169425
0.0147014
0.13316
0.0252357
0.0216507
0.0346851
0.118259
0.000639949
0.0489259
0.0608204
0.0371827
0.0317517
0.065971
0.128081
0.0441188
0.0299023
0.0696132
0.106563
0.0525198
0.109749
0.0562805
0.0783564
0.120173
0.0636764
0.0873793
0.0972823
0.157986
0.00729733
0.0176313
0.150661
0.0758084
0.00518772
0.00625191
0.0520859
0.139949
0.023039
0.0130063
0.0804472
0.103524
0.0300972
0.100188
0.0907671
0.199068
0.0165577
0.0847534
0.145781
0.095028
0.0487913
0.128299
0.0185475
0.207673
0.114294
0.0302275
0.00976008
0.122005
0.115865
0.122797
0.169504
0.145159
0.0947902
0.0136909
0.0616225
0.00222782
0.161848
0.137451
0.130651
0.0799865
0.071227
0.0472438
0.140622
0.0589411
0.0841936
0.128098
0.169398
0.0400165
0.0360979
0.00875303
0.179781
0.02615
0.0252153
0.0247908
0.220657
0.0667132
0.0383285
0.0723309
0.0566314
0.0963374
0.0213554
0.0412144
0.10598
0.181785
0.0524953
0.128752
0.119697
0.00194924
0.0832425
0.0584844
0.0502007
0.0733046
0.00746584
0.0377106
0.0675343
0.0971562
0.158481
0.0541486
0.0474444
0.0413671
0.0190433
0.112398
0.110144
0.0842533
0.0445428
0.18051
0.0566652
0.0656429
0.0595852
0.0956937
0.0429042
0.0371065
0.0930948
0.0285461
0.0149935
0.0569887
0.0460337
0.0231067
0.0981599
0.156238
0.114472
0.0278883
0.0873793
0.0410551
0.0179489
0.0559688
0.199319
0.197477
0.00805964
0.160366
0.151013
0.00869393
0.0213241
0.0176017
0.147869
0.135087
0.0151016
0.021763
0.00702412
0.105664
0.112949
0.0722741
0.0638616
0.143312
0.0196342
0.197799
0.0152457
0.0146726
0.0374023
0.0638559
0.0291152
0.0657041
0.0204429
0.0124817
0.0606962
0.0946654
0.0432958
0.0297434
0.00952438
0.0544992
0.0916097
0.0599661
0.0793985
0.0412123
0.0582421
0.0481278
0.170893
0.197895
0.178542
0.0452261
0.0592788
0.101664
0.0506963
0.108198
0.149928
0.0872486
0.0338792
0.00913533
0.00500773
0.0747565
0.163979
0.0885487
0.0261092
0.0973048
0.123227
0.00562392
0.0508698
0.0619258
0.075797
0.156407
0.0787451
0.0876086
0.082646
0.17366
0.125348
0.0904654
0.113206
0.137678
0.027135
0.0559448
0.0825529
0.015749
0.00838862
0.101913
0.122321
0.163449
0.0423474
0.0120177
0.0138445
0.05775
0.0482908
0.0567894
0.0782177
0.041664
0.000736475
0.190607
0.0932702
0.0138106
0.0494535
0.00382737
0.15948
0.0158994
0.035029
0.165505
0.0695085
0.148731
0.0791073
0.0108063
0.142971
0.0561261
0.0126278
0.0404163
0.0352515
0.187247
0.194018
0.0264644
0.0359263
0.0292209
0.058472
0.0205251
0.204237
0.0582218
0.153964
0.177231
0.0536794
0.0275154
0.0227807
0.106943
0.106615
0.0659383
0.0410733
0.118779
0.0623345
0.0197326
0.0701992
0.0266432
0.0725606
0.106649
0.0631713
0.043518
0.0732123
0.049045
0.0174178
0.100951
0.103707
0.0524876
0.0311403
0.0657649
0.0921056
0.052199
0.0985666
0.13038
0.06426
0.184485
0.0415335
0.0446433
0.0942534
0.132706
0.123978
0.0265487
0.0522988
0.0420161
0.0207544
0.0765264
0.0249105
0.103817
0.127435
0.144621
0.0227574
0.0123951
0.0731821
0.0106894
0.190073
0.0388355
0.0179671
0.0143748
0.158506
0.0744018
0.0571299
0.172986
0.1325
0.0127181
0.0951477
0.104879
0.159736
0.0103686
0.0557933
0.173281
0.0308964
0.0378058
0.0668143
0.212039
0.0801677
0.0205909
0.0745358
0.0513008
0.0623952
0.0649038
0.0610885
0.210446
0.0183855
0.0162943
0.168678
0.0368778
0.165282
0.0739991
0.151801
0.00756833
0.146947
0.0522387
0.161048
0.0899115
0.0624245
0.0227255
0.0308933
0.090605
0.0436852
0.0455156
0.0291801
0.067191
0.15216
0.11175
0.0482293
0.193174
0.0100421
0.135392
0.186238
0.128821
0.072532
0.0279139
0.0113649
0.0640841
0.0971103
0.0758641
0.0519316
0.102162
0.0288953
0.0315939
0.0777868
0.114602
0.0789193
0.0502759
0.138569
0.051618
0.197549
0.013217
0.00636366
0.0740503
0.018693
0.0850504
0.00509647
0.0679503
0.0168802
0.138557
0.0734141
0.0861635
0.0844493
0.126913
0.223364
0.0448611
0.0117692
0.0278462
0.064188
0.139399
0.0783863
0.107337
0.0625613
0.0275097
0.161079
0.0235085
0.00357027
0.105098
0.0561501
0.0535347
0.0140872
0.0261601
0.0722691
0.0484101
0.0818191
0.153853
0.0215286
0.0687936
0.0706664
0.0813583
0.00269007
0.0875166
0.140201
0.0715513
0.0661029
0.0995712
0.0388207
0.0561531
0.0588673
0.0374699
0.0664531
0.117701
0.134974
0.0350836
0.153693
0.0710207
0.0457702
0.0717438
0.132108
0.209776
0.0396994
0.0272833
0.00955418
0.020379
0.221451
0.122435
0.152328
0.131216
0.100388
0.0583031
0.142461
0.0462825
0.018271
0.00344311
0.0814814
0.0435168
0.076519
0.0382445
0.179689
0.0408196
0.0909539
0.0229483
0.154972
0.0325617
0.144484
0.102254
0.0535117
0.118832
0.0797962
0.0186266
0.163579
0.0458155
0.0679452
0.0462048
0.0339599
0.024783
0.107965
0.0951134
0.0109832
0.112646
0.0490399
0.0609654
0.142503
0.206894
0.00191972
0.0569072
0.128957
0.0461606
0.0868415
0.0915018
0.118208
0.12867
0.0724308
0.144991
0.0813224
0.0457885
0.0568587
0.0758298
0.0663268
0.0632346
0.137096
0.0186353
0.100556
0.135205
0.104746
0.0267937
0.169549
0.0698576
0.0529589
0.0984102
0.0529143
0.0717952
0.0141922
0.121861
0.00300113
0.160042
0.0796083
0.0015377
0.105849
0.0928769
0.132502
0.0971827
0.0524125
0.188939
0.132571
0.149247
0.0435165
0.0714501
0.0987426
0.205524
0.112528
0.0154544
0.107161
0.0405797
0.0710763
0.011928
0.0847412
0.095718
0.145366
0.0497224
0.0273432
0.19667
0.0377809
0.0733472
0.201054
0.0341698
0.180938
0.0509919
0.112809
0.103777
0.0679799
0.0235895
0.020498
0.140749
0.126832
0.0631983
0.0135136
0.010768
0.0519073
0.140286
0.112069
0.160533
0.00865678
0.055388
0.122377
0.0394721
0.0928842
0.0219273
0.0970797
0.207163
0.122128
0.0794525
0.0148439
0.0598069
0.0591246
0.0743944
0.0965418
0.0923906
0.119182
0.141253
0.0052929
0.0871295
0.111515
0.0808966
0.0347292
0.0481265
0.0662344
0.166384
0.160511
0.214369
0.0100203
0.00616091
0.0136995
0.0279926
0.051269
0.085463
0.182426
0.151014
0.0190886
0.0390701
0.112968
0.0879041
0.0557778
0.170168
0.144249
0.138032
0.0392595
0.0595685
0.0319954
0.0696344
0.0668502
0.0138691
0.169246
0.133158
0.0974975
0.0980323
0.212103
0.0667448
0.121574
0.0433096
0.0667334
0.188813
0.0184422
0.0953022
0.0166482
0.143646
0.0405272
0.133931
0.0548848
0.0619655
0.0721672
0.00965924
0.142241
0.00658677
0.151081
0.0912807
0.0678697
0.0132069
0.135731
0.086565
0.0621557
0.0205482
0.132107
0.0857848
0.0493614
0.0397995
0.215353
0.147779
0.0889794
0.0717558
0.0344219
0.11103
0.0961566
0.11539
0.00575306
0.0497311
0.157096
0.0128335
0.0898119
0.0589769
0.113425
0.0116684
0.0700637
0.0574312
0.11506
0.0446115
0.0464312
0.0702634
0.0965366
0.163871
0.091971
0.106071
0.148693
0.117783
0.0728018
0.119187
0.0594472
0.0489604
0.0534302
0.0862966
0.206123
0.0943938
0.077589
0.0867902
0.0343403
0.0906725
0.111891
0.0251975
0.0146125
0.0714203
0.0252926
0.0738457
0.100704
0.0399693
0.0284359
0.1554
0.0493898
0.0396248
0.061715
0.00878274
0.0204565
0.12018
0.108949
0.0832026
0.0824238
0.0826558
0.0119558
0.0694787
0.123713
0.0402731
0.0276932
0.0540526
0.127224
0.077832
0.0639231
0.114925
0.0565114
0.199242
0.0166778
0.120274
0.0270639
0.120106
0.127607
0.0238909
0.128326
0.155567
0.0612131
0.0739076
0.0754888
0.0511245
0.217561
0.00585842
0.0591475
0.10518
0.0293198
0.0623001
0.0867629
0.153073
0.142326
0.0182338
0.168075
0.0829439
0.0247142
0.120867
0.150703
0.0363775
0.0697537
0.112692
0.107591
0.0911058
0.157407
0.135809
0.0338549
0.0815487
0.0198199
0.0970722
0.0279413
0.191202
0.0403224
0.065229
0.137394
0.063821
0.0522924
0.0655393
0.0125468
0.00762141
0.081706
0.0438992
0.0248138
0.100035
0.0519989
0.10761
0.0290085
0.0953667
0.13291
0.0385486
0.135511
0.111245
0.10435
0.0843349
0.0481276
0.109048
0.15135
0.0320457
0.0251204
0.128714
0.183083
0.0866465
0.143325
0.0501151
0.050487
0.116907
0.0269003
0.0457549
0.0692099
0.0140343
0.0797612
0.053751
0.0568316
0.11618
0.0133066
0.0655714
0.142784
0.0731039
0.0602555
0.210181
0.12272
0.00589389
0.114935
0.0921553
0.111128
0.169179
0.0376313
0.0467055
0.0652883
0.121612
0.190522
0.0175554
0.0400943
0.0322735
0.0997455
0.122985
0.0202913
0.0357748
0.0773072
0.0705468
0.023977
0.105604
0.170745
0.0380456
0.0991294
0.108921
0.157734
0.0900998
0.0163345
0.13863
0.161201
0.11684
0.0343242
0.0606166
0.0903615
0.071569
0.10144
0.12484
0.187592
0.143941
0.0204244
0.0493431
0.0962487
0.0438625
0.00568857
0.083391
0.0416982
0.178997
0.0447516
0.0459409
0.152835
0.0440682
0.166832
0.0574537
0.159666
0.0439313
0.033234
0.0512337
0.0897588
0.084376
0.0684827
0.131378
0.094284
0.0597348
0.135014
0.119932
0.0387978
0.0435802
0.0100845
0.183347
0.090879
0.138502
0.101345
0.135023
0.0527207
0.107732
0.0185912
0.0328452
0.0599638
0.133846
0.0422886
0.0741902
0.136471
0.139619
0.00699741
0.0103007
0.0286891
0.133597
0.164887
0.0351259
0.182699
0.109446
0.109464
0.0514135
0.0967062
0.11019
0.20794
0.0495245
0.0115498
0.180778
0.0368876
0.207378
0.171216
0.102624
0.0576893
0.0353224
0.134031
0.0348151
0.0388072
0.087542
0.0043214
0.0458519
0.195815
0.0264376
0.024761
0.188763
0.0546801
0.0639334
0.0986725
0.0868474
0.08533
0.105397
0.00657951
0.104792
0.0999667
0.0647586
0.0818038
0.00275791
0.143227
0.131256
0.0856361
0.0234102
0.0175588
0.143938
0.0201202
0.0397233
0.0249876
0.00730281
0.017824
0.0553932
0.0529274
0.0486966
0.0261399
0.107435
0.0101023
0.0224914
0.0463015
0.0485731
0.00733812
0.0607026
0.116509
0.0665493
0.00526017
0.0812529
0.00750704
0.149161
0.0504465
0.0130248
0.164961
0.0786211
0.0449086
0.082646
0.0344237
0.106957
0.221197
0.191418
0.198203
0.0663131
0.0504279
0.0336091
0.0510338
0.108977
0.084561
0.0834623
0.0629166
0.0579368
0.154317
0.179838
0.0321423
0.110046
0.0281207
0.0593993
0.158106
0.00309484
0.0914544
0.11397
0.0782626
0.0788588
0.138186
0.0161733
0.090042
0.0409823
0.11063
0.169797
0.0666982
0.145097
0.111576
0.0363487
0.0672171
0.0428199
0.107069
0.0164435
0.119129
0.00913774
0.0432863
0.101073
0.148454
0.0724138
0.0963478
0.0293824
0.0889216
0.153938
0.0900258
0.00526996
0.176698
0.00992716
0.163577
0.109549
0.0633072
0.0346507
0.0830297
0.041479
0.0585824
0.0252936
0.13293
0.0503014
0.124707
0.0531302
0.108387
0.0827406
0.181074
0.0616899
0.017571
0.0563024
0.0994535
0.00523715
0.0303607
0.124693
0.0218387
0.148197
0.0467288
0.0305295
0.106874
0.0291037
0.00568326
0.0210144
0.169299
0.0607585
0.152967
0.100218
0.103344
0.101806
0.0291222
0.0157214
0.0449776
0.0661195
0.0640577
0.0341657
0.0680063
0.153585
0.0265891
0.0516391
0.0552559
0.0931981
0.160528
0.0210819
0.025248
0.0607332
0.180379
0.106528
0.0496844
0.0936081
0.0954911
0.00840486
0.048971
0.0660176
0.0825065
0.0452527
0.0552994
0.00984016
0.0491471
0.131086
0.0710987
0.0728591
0.0785672
0.0500677
0.0542057
0.0324696
0.0784942
0.147869
0.157294
0.0161068
0.210583
0.0739341
0.126762
0.011289
0.00768765
0.150927
0.152108
0.0325081
0.0797974
0.0399674
0.125029
0.181442
0.0336597
0.0153929
0.0180758
0.101997
0.0311262
0.167505
0.157389
0.0303947
0.190112
0.122402
0.00397599
0.0837723
0.20803
0.0524621
0.16912
0.174404
0.0319
0.0255907
0.182107
0.00771554
0.200528
0.0640483
0.0142673
0.159993
0.0294803
0.0178757
0.073502
0.0766339
0.028353
0.0818695
0.0338614
0.0347055
0.0419888
0.0806835
0.0672274
0.0793077
0.0138786
0.11602
0.0458054
0.12768
0.0122212
0.0507599
0.0136165
0.00903846
0.0396741
0.0522255
0.0140873
0.118613
0.101616
0.0704253
0.127173
0.136435
0.101401
0.138967
0.0299
0.0894427
0.0166881
0.0653867
0.0525017
0.0800045
0.153974
0.0389311
0.0526287
0.116589
0.0111027
0.0998231
0.0438424
0.130668
0.131784
0.0419383
0.156515
0.013512
0.0691893
0.0642168
0.0660388
0.169425
0.0147014
0.13316
0.0252357
0.0216507
0.0346851
0.118259
0.000639949
0.0489259
0.0608204
0.0371827
0.0317517
0.065971
0.128081
0.0441188
0.0299023
0.0696132
0.106563
0.0525198
0.109749
0.0562805
0.0783564
0.120173
0.0636764
0.0873793
0.0972823
0.157986
0.00729733
0.0176313
0.150661
0.0758084
0.00518772
0.00625191
0.0520859
0.139949
0.023039
0.0130063
0.0804472
0.103524
0.0300972
0.100188
0.0907671
0.199068
0.0165577
0.0847534
0.145781
0.095028
0.0487913
0.128299
0.0185475
0.207673
0.114294
0.0302275
0.00976008
0.122005
0.115865
0.122797
0.169504
0.145159
0.0947902
0.0136909
0.0616225
0.00222782
0.161848
0.137451
0.130651
0.0799865
0.071227
0.0472438
0.140622
0.0589411
0.0841936
0.128098
0.169398
0.0400165
0.0360979
0.00875303
0.179781
0.02615
0.0252153
0.0247908
0.220657
0.0667132
0.0383285
0.0723309
0.0566314
0.0963374
0.0213554
0.0412144
0.10598
0.181785
0.0524953
0.128752
0.119697
0.00194924
0.0832425
0.0584844
0.0502007
0.0733046
0.00746584
0.0377106
0.0675343
0.0971562
0.158481
0.0541486
0.0474444
0.0413671
0.0190433
0.112398
0.110144
0.0842533
0.0445428
0.18051
0.0566652
0.0656429
0.0595852
0.0956937
0.0429042
0.0371065
0.0930948
0.0285461
0.0149935
0.0569887
0.0460337
0.0231067
0.0981599
0.156238
0.114472
0.0278883
0.0873793
0.0410551
0.0179489
0.0559688
0.199319
0.197477
0.00805964
0.160366
0.151013
0.00869393
0.0213241
0.0176017
0.147869
0.135087
0.0151016
0.021763
0.00702412
0.105664
0.112949
0.0722741
0.0638616
0.143312
0.0196342
0.197799
0.0152457
0.0146726
0.0374023
0.0638559
0.0291152
0.0657041
0.0204429
0.0124817
0.0606962
0.0946654
0.0432958
0.0297434
0.00952438
0.0544992
0.0916097
0.0599661
0.0793985
0.0412123
0.0582421
0.0481278
0.170893
0.197895
0.178542
0.0452261
0.0592788
0.101664
0.0506963
0.108198
0.149928
0.0872486
0.0338792
0.00913533
0.00500773
0.0747565
0.163979
0.0885487
0.0261092
0.0973048
0.123227
0.00562392
0.0508698
0.0619258
0.075797
0.156407
0.0787451
0.0876086
0.082646
0.17366
0.125348
0.0904654
0.113206
0.137678
0.027135
0.0559448
0.0825529
0.015749
0.00838862
0.101913
0.122321
0.163449
0.0423474
0.0120177
0.0138445
0.05775
0.0482908
0.0567894
0.0782177
0.041664
0.000736475
0.190607
0.0932702
0.0138106
0.0494535
0.00382737
0.15948
0.0158994
0.035029
0.165505
0.0695085
0.148731
0.0791073
0.0108063
0.142971
0.0561261
0.0126278
0.0404163
0.0352515
0.187247
0.194018
0.0264644
0.0359263
0.0292209
0.058472
0.0205251
0.204237
0.0582218
0.153964
0.177231
0.0536794
0.0275154
0.0227807
0.106943
0.106615
0.0659383
0.0410733
0.118779
0.0623345
0.0197326
0.0701992
0.0266432
0.0725606
0.106649
0.0631713
0.043518
0.0732123
0.049045
0.0174178
0.100951
0.103707
0.0524876
0.0311403
0.0657649
0.0921056
0.052199
0.0985666
0.13038
0.06426
0.184485
0.0415335
0.0446433
0.0942534
0.132706
0.123978
0.0265487
0.0522988
0.0420161
0.0207544
0.0765264
0.0249105
0.103817
0.127435
0.144621
0.0227574
0.0123951
0.0731821
0.0106894
0.190073
0.0388355
0.0179671
0.0143748
0.158506
0.0744018
0.0571299
0.172986
0.1325
0.0127181
0.0951477
0.104879
0.159736
0.0103686
0.0557933
0.173281
0.0308964
0.0378058
0.0668143
0.212039
0.0801677
0.0205909
0.0745358
0.0513008
0.0623952
0.0649038
0.0610885
0.210446
0.0183855
0.0162943
0.168678
0.0368778
0.165282
0.0739991
0.151801
0.00756833
0.146947
0.0522387
0.161048
0.0899115
0.0624245
0.0227255
0.0308933
0.090605
0.0436852
0.0455156
0.0291801
0.067191
0.15216
0.11175
0.0482293
0.193174
0.0100421
0.135392
0.186238
0.128821
0.072532
0.0279139
0.0113649
0.0640841
0.0971103
0.0758641
0.0519316
0.102162
0.0288953
0.0315939
0.0777868
0.114602
0.0789193
0.0502759
0.138569
0.051618
0.197549
0.013217
0.00636366
0.0740503
0.018693
0.0850504
0.00509647
0.0679503
0.0168802
0.138557
0.0734141
0.0861635
0.0844493
0.126913
0.223364
0.0448611
0.0117692
0.0278462
0.064188
0.139399
0.0783863
0.107337
0.0625613
0.0275097
0.161079
0.0235085
0.00357027
0.105098
0.0561501
0.0535347
0.0140872
0.0261601
0.0722691
0.0484101
0.0818191
0.153853
0.0215286
0.0687936
0.0706664
0.0813583
0.00269007
0.0875166
0.140201
0.0715513
0.0661029
0.0995712
0.0388207
0.0561531
0.0588673
0.0374699
0.0664531
0.117701
0.134974
0.0350836
0.153693
0.0710207
0.0457702
0.0717438
0.132108
0.209776
0.0396994
0.0272833
0.00955418
0.020379
0.221451
0.122435
0.152328
0.131216
0.100388
0.0583031
0.142461
0.0462825
0.018271
0.00344311
0.0814814
0.0435168
0.076519
0.0382445
0.179689
0.0408196
0.0909539
0.0229483
0.154972
0.0325617
0.144484
0.102254
0.0535117
0.118832
0.0797962
0.0186266
0.163579
0.0458155
0.0679452
0.0462048
0.0339599
0.024783
0.107965
0.0951134
0.0109832
0.112646
0.0490399
0.0609654
0.142503
0.206894
0.00191972
0.0569072
0.128957
0.0461606
0.0868415
0.0915018
0.118208
0.12867
0.0724308
0.144991
0.0813224
0.0457885
0.0568587
0.0758298
0.0663268
0.0632346
0.137096
0.0186353
0.100556
0.135205
0.104746
0.0267937
0.169549
0.0698576
0.0529589
0.0984102
0.0529143
0.0717952
0.0141922
0.121861
0.00300113
0.160042
0.0796083
0.0015377
0.105849
0.0928769
0.132502
0.0971827
0.0524125
0.188939
0.132571
0.149247
0.0435165
0.0714501
0.0987426
0.205524
0.112528
0.0154544
0.107161
0.0405797
0.0710763
0.011928
0.0847412
0.095718
0.145366
0.0497224
0.0273432
0.19667
0.0377809
0.0733472
0.201054
0.0341698
0.180938
0.0509919
0.112809
0.103777
0.0679799
0.0235895
0.020498
0.140749
0.126832
0.0631983
0.0135136
0.010768
0.0519073
0.140286
0.112069
0.160533
0.00865678
0.055388
0.122377
0.0394721
0.0928842
0.0219273
0.0970797
0.207163
0.122128
0.0794525
0.0148439
0.0598069
0.0591246
0.0743944
0.0965418
0.0923906
0.119182
0.141253
0.0052929
0.0871295
0.111515
0.0808966
0.0347292
0.0481265
0.0662344
0.166384
0.160511
0.214369
0.0100203
0.00616091
0.0136995
0.0279926
0.051269
0.085463
0.182426
0.151014
0.0190886
0.0390701
0.112968
0.0879041
0.0557778
0.170168
0.144249
0.138032
0.0392595
0.0595685
0.0319954
0.0696344
0.0668502
0.0138691
0.169246
0.133158
0.0974975
0.0980323
0.212103
0.0667448
0.121574
0.0433096
0.0667334
0.188813
0.0184422
0.0953022
0.0166482
0.143646
0.0405272
0.133931
0.0548848
0.0619655
0.0721672
0.00965924
0.142241
0.00658677
0.151081
0.0912807
0.0678697
0.0132069
0.135731
0.086565
0.0621557
0.0205482
0.132107
0.0857848
0.0493614
0.0397995
0.215353
0.147779
0.0889794
0.0717558
0.0344219
0.11103
0.0961566
0.11539
0.00575306
0.0497311
0.157096
0.0128335
0.0898119
0.0589769
0.113425
0.0116684
0.0700637
0.0574312
0.11506
0.0446115
0.0464312
0.0702634
0.0965366
0.163871
0.091971
0.106071
0.148693
0.117783
0.0728018
0.119187
0.0594472
0.0489604
0.0534302
0.0862966
0.206123
0.0943938
0.077589
0.0867902
0.0343403
0.0906725
0.111891
0.0251975
0.0146125
0.0714203
0.0252926
0.0738457
0.100704
0.0399693
0.0284359
0.1554
0.0493898
0.0396248
0.061715
0.00878274
0.0204565
0.12018
0.108949
0.0832026
0.0824238
0.0826558
0.0119558
0.0694787
0.123713
0.0402731
0.0276932
0.0540526
0.127224
0.077832
0.0639231
0.114925
0.0565114
0.199242
0.0166778
0.120274
0.0270639
0.120106
0.127607
0.0238909
0.128326
0.155567
0.0612131
0.0739076
0.0754888
0.0511245
0.217561
0.00585842
0.0591475
0.10518
0.0293198
0.0623001
0.0867629
0.153073
0.142326
0.0182338
0.168075
0.0829439
0.0247142
0.120867
0.150703
0.0363775
0.0697537
0.112692
0.107591
0.0911058
0.157407
0.135809
0.0338549
0.0815487
0.0198199
0.0970722
0.0279413
0.191202
0.0403224
0.065229
0.137394
0.063821
0.0522924
0.0655393
0.0125468
0.00762141
0.081706
0.0438992
0.0248138
0.100035
0.0519989
0.10761
0.0290085
0.0953667
0.13291
0.0385486
0.135511
0.111245
0.10435
0.0843349
0.0481276
0.109048
0.15135
0.0320457
0.0251204
0.128714
0.183083
0.0866465
0.143325
0.0501151
0.050487
0.116907
0.0269003
0.0457549
0.0692099
0.0140343
0.0797612
0.053751
0.0568316
0.11618
0.0133066
0.0655714
0.142784
0.0731039
0.0602555
0.210181
0.12272
0.00589389
0.114935
0.0921553
0.111128
0.169179
0.0376313
0.0467055
0.0652883
0.121612
0.190522
0.0175554
0.0400943
0.0322735
0.0997455
0.122985
0.0202913
0.0357748
0.0773072
0.0705468
0.023977
0.105604
0.170745
0.0380456
0.0991294
0.108921
0.157734
0.0900998
0.0163345
0.13863
0.161201
0.11684
0.0343242
0.0606166
0.0903615
0.071569
0.10144
0.12484
0.0584781
0.011923
0.0260184
0.177745
0.00510406
0.0113899
0.165804
0.187767
0.0366435
0.0530649
0.0196233
0.158365
0.0014465
0.148797
0.0770836
0.0340447
0.0953119
0.041762
0.0451347
0.0213044
0.167401
0.0362762
0.00201224
0.103111
0.201375
0.0325867
0.02009
0.089612
0.10082
0.0413774
0.126371
0.00769804
0.189403
0.0178641
0.0220423
0.0517169
0.144329
0.0639878
0.0333862
0.0821852
0.052091
0.0950362
0.0344793
0.0166287
0.0498606
0.0938626
0.0588761
0.00415133
0.026357
0.0519351
0.0776767
0.105705
0.00850256
0.226713
0.181774
0.0192146
0.0557698
0.0690259
0.00444926
0.168609
0.0791996
0.043811
0.0440078
0.0196774
0.0776413
0.115402
0.0885126
0.0491795
0.0651744
0.0469147
0.0438796
0.0426329
0.0152033
0.17347
0.071701
0.186847
0.032055
0.117014
0.0432464
0.146394
0.0864852
0.0344072
0.0304345
0.0178345
0.0138834
0.1279
0.060348
0.114918
0.071471
0.0963325
0.0211034
0.130221
0.0158396
0.112365
0.0603372
0.119509
0.116067
0.051882
0.111428
0.142543
0.190432
0.219354
0.0779483
0.0781335
0.131878
0.114922
0.0956695
0.00337041
0.0844317
0.0844993
0.126448
0.0936539
0.0665005
0.0734216
0.0289948
0.0176592
0.0372057
0.024544
0.0484796
0.0858807
0.118797
0.121921
0.148277
0.124217
0.176981
0.0633407
0.176107
0.00601008
0.0490653
0.030663
0.0686905
0.110961
0.150891
0.0651459
0.0687603
0.0813281
0.0324831
0.100446
0.177255
0.0459652
0.0854754
0.0587674
0.0062528
0.0449313
0.0628647
0.0679404
0.0403167
0.155234
0.19327
0.114177
0.0170022
0.0806891
0.162609
0.0983168
0.171931
0.0266486
0.0743245
0.0221722
0.0692174
0.0035523
0.108305
0.11798
0.0257298
0.0925924
0.0806977
0.0603563
0.129233
0.049908
0.0131486
0.0762555
0.216927
0.0404929
0.169645
0.108997
0.115746
0.0251897
0.0489642
0.105461
0.201119
0.108151
0.0676765
0.00896923
0.0675333
0.0847477
0.0520262
0.159034
0.0472338
0.134525
0.00894339
0.155271
0.0916285
0.0129435
0.103118
0.161363
0.00381017
0.0397643
0.199909
0.0212496
0.0604322
0.131112
0.0625845
0.0900259
0.0748308
0.0292278
0.120593
0.0415591
0.0133024
0.00870403
0.0338041
0.0679926
0.121543
0.0648501
0.128713
0.0693058
0.184381
0.0553494
0.0443976
0.100509
0.0851624
0.0118329
0.123627
0.0148799
0.0645075
0.0779674
0.125926
0.0938407
0.0433037
0.0595686
0.0319968
0.037464
0.092841
0.110413
0.036087
0.0960599
0.0725875
0.114165
0.0323081
0.11957
0.0264512
0.0574409
0.134301
0.130416
0.0198287
0.0926794
0.0378268
0.127176
0.0969613
0.0083888
0.00846243
0.00204098
0.0549091
0.143225
0.117581
0.0446413
0.0519957
0.133753
0.116869
0.0650606
0.0600478
0.00587667
0.0669025
0.0434419
0.0676817
0.0233891
0.18829
0.0697866
0.172768
0.170588
0.0132355
0.0353341
0.0354638
0.0240482
0.114939
0.00357862
0.0352359
0.14788
0.127579
0.0204255
0.155035
0.0393395
0.0401978
0.0666482
0.06433
0.0195844
0.12623
0.0176254
0.12099
0.155729
0.216201
0.0580384
0.0603291
0.15413
0.0547937
0.123585
0.0498189
0.0455933
0.0756747
0.127193
0.048882
0.105342
0.178622
0.0258675
0.141393
0.0228279
0.0411149
0.048084
0.0622577
0.0857476
0.0611826
0.0093491
0.0382335
0.095665
0.0383884
0.00288196
0.0869996
0.148728
0.0855149
0.0368736
0.00102352
0.0269578
0.0341136
0.0714494
0.101953
0.0837681
0.142819
0.0120095
0.172774
0.144211
0.0861085
0.103458
0.102603
0.0739337
0.0906564
0.0227939
0.0116187
0.0716359
0.0237527
0.0233592
0.0653216
0.145364
0.16477
0.143701
0.00659923
0.176766
0.085645
0.0163611
0.132383
0.0818444
0.18274
0.150411
0.0552693
0.105231
0.19878
0.0047513
0.136025
0.0985947
0.0403166
0.0397012
0.143278
0.0395495
0.148613
0.0871551
0.0772053
0.0780077
0.06296
0.139157
0.0741026
0.0148364
0.136533
0.0797575
0.0535957
0.0727693
0.0270634
0.0108085
0.0410692
0.0697077
0.0578536
0.0203485
0.070634
0.091154
0.15076
0.0788989
0.0531502
0.138493
0.0563604
0.0976909
0.0825538
0.0289709
0.0509355
0.0825218
0.0393293
0.13916
0.149045
0.0989981
0.0599282
0.019266
0.0585293
0.0769938
0.0653468
0.0678124
0.0702945
0.0606798
0.191245
0.0776472
0.0447944
0.179594
0.0994352
0.0452314
0.125838
0.0178177
0.184197
0.0727971
0.0590511
0.157981
0.0883988
0.0224869
0.125368
0.0358216
0.101195
0.198024
0.0725628
0.0064034
0.00843678
0.12486
0.179124
0.0315483
0.123228
0.045207
0.0321786
0.120235
0.181485
0.0797458
0.0272735
0.0709954
0.0456848
0.0546777
0.0315404
0.0911196
0.108003
0.0879337
0.018037
0.0740828
0.0794445
0.0168746
0.194651
0.00782771
0.0616236
0.0952276
0.0890475
0.130585
0.0813511
0.0450177
0.0235265
0.0561822
0.135145
0.0647416
0.0500147
0.0818704
0.0283699
0.0276137
0.0525234
0.114188
0.0626063
0.0187466
0.0499754
0.045855
0.181322
0.056767
0.0539378
0.0714968
0.0217772
0.213366
0.147118
0.140152
0.187237
0.0774311
0.124434
0.0884692
0.0208652
0.0438919
0.14811
0.034124
0.0482482
0.120302
0.0543678
0.195929
0.0586732
0.0689818
0.0527773
0.0949323
0.143052
0.0549526
0.0962065
0.138452
0.0585815
0.0120622
0.129285
0.0465102
0.192247
0.11398
0.135141
0.0619934
0.104526
0.0262241
0.108265
0.0428732
0.144499
0.0174221
0.190912
0.0441219
0.0658592
0.0393512
0.139118
0.185598
0.052232
0.0689871
0.0132279
0.0625941
0.0565334
0.0563993
0.0569948
0.050949
0.0919575
0.0354005
0.130856
0.120671
0.134439
0.0104567
0.0235234
0.129295
0.188252
0.0781532
0.0957251
0.0406834
0.0481863
0.0960976
0.178915
0.0258054
0.0564151
0.148014
0.0324469
0.0091085
0.15066
0.0764548
0.0223121
0.0620622
0.162487
0.0406092
0.0352547
0.0970462
0.143833
0.147845
0.163038
0.0249398
0.0900724
0.0175352
0.0873303
0.0409847
0.113071
0.0534914
0.100432
0.0616193
0.08805
0.0754263
0.112701
0.133614
0.0229677
0.0923328
0.105509
0.085351
0.047805
0.0931471
0.158504
0.206724
0.0261218
0.162465
0.154137
0.103764
0.0766694
0.0322106
0.174632
0.150809
0.138872
0.053571
0.0742881
0.0419085
0.00849597
0.0716859
0.0118216
0.05889
0.0688828
0.0235146
0.0849681
0.102256
0.114102
0.0804633
0.0871485
0.0379204
0.00725961
0.137553
0.124266
0.162247
0.0693162
0.0800893
0.0967207
0.00895858
0.120987
0.0971379
0.0593127
0.112081
0.00402672
0.14195
0.064294
0.0126788
0.189127
0.0382661
0.0554956
0.0613388
0.0107958
0.0743457
0.185802
0.0594989
0.0354584
0.0068863
0.0852336
0.06541
0.0242245
0.0414824
0.0532277
0.0103594
0.188953
0.104735
0.11659
0.0594728
0.0499284
0.0467193
0.170855
0.0149253
0.0510632
0.0684939
0.0237103
0.119998
0.0996121
0.0462493
0.0695387
0.0862276
0.110644
0.113347
0.0379502
0.0387915
0.0599315
0.125337
0.171842
0.112571
0.103966
0.0366671
0.0332496
0.0706116
0.167518
0.0738951
0.00490853
0.0640203
0.166903
0.0908715
0.0732246
0.0373339
0.0306161
0.0364871
0.0461756
0.0477312
0.0811656
0.153521
0.110221
0.0286342
0.018794
0.110765
0.0580958
0.0505892
0.0452996
0.0767852
0.0148302
0.00479133
0.219766
0.0268587
0.0830675
0.0430873
0.0392778
0.0254033
0.165711
0.028662
0.0165926
0.0289531
0.0249823
0.0193609
0.0371872
0.0340347
0.0304243
0.00452144
0.013676
0.0105915
0.0951112
0.109247
0.0460817
0.0459154
0.119547
0.0795604
0.0589853
0.154142
0.0929331
0.169421
0.0677259
0.118118
0.102705
0.174331
0.0382338
0.0450495
0.0469908
0.127899
0.100252
0.047971
0.0171491
0.0686031
0.203182
0.0452871
0.100616
0.117268
0.0556557
0.0815759
0.117953
0.0145822
0.0706355
0.107093
0.174285
0.0894074
0.177625
0.175327
0.014939
0.0732033
0.0304208
0.135392
0.0196599
0.0231125
0.211417
0.151847
0.0284466
0.0451369
0.128014
0.0434484
0.0505192
0.120854
0.0165272
0.0593832
0.0778139
0.0176227
0.0788272
0.0400017
0.0201607
0.0974937
0.181433
0.0183133
0.109858
0.0919852
0.125445
0.0325918
0.0164078
0.0442529
0.181153
0.0492839
0.0836618
0.0375244
0.120958
0.0288616
0.0523018
0.119298
0.00798664
0.166052
0.0148827
0.103773
0.188775
0.0195401
0.0488296
0.0818766
0.00749378
0.0183297
0.163899
0.209446
0.0537848
0.046078
0.066343
0.0534469
0.20004
0.0854135
0.163097
0.222926
0.16819
0.0705691
0.0197569
0.148538
0.0270776
0.104482
0.0147771
0.0105255
0.0539332
0.145866
0.0926745
0.186942
0.13357
0.149117
0.0110253
0.0120154
0.0770771
0.00391332
0.108666
0.0626925
0.0396299
0.0244198
0.0970536
0.0668124
0.0595139
0.114542
0.101829
0.0537882
0.078014
0.0898929
0.0352968
0.10771
0.134698
0.0796301
0.0488541
0.0834119
0.168924
0.0318475
0.0745148
0.0851358
0.0179703
0.100182
0.0731606
0.149446
0.0080432
0.0700437
0.00150769
0.0707313
0.0766444
0.0695847
0.132268
0.173692
0.104025
0.103249
0.0707325
0.15379
0.0789322
0.0684515
0.0280169
0.121167
0.0849875
0.0960692
0.075886
0.0465762
0.0323241
0.00780268
0.122111
0.121732
0.0750119
0.140092
0.00834634
0.125892
0.0204507
0.043216
0.00808495
0.0355451
0.0183355
0.0744279
0.00555791
0.0637809
0.121223
0.068481
0.149944
0.156918
0.0131721
0.180845
0.00400796
0.0367978
0.153359
0.0170835
0.0932008
0.0573701
0.177023
0.12075
0.0473038
0.0618218
0.114924
0.0931638
0.0652027
0.161805
0.0832351
0.163668
0.0188901
0.00549187
0.0483357
0.0301677
0.0617634
0.00934247
0.159007
0.104851
0.0674367
0.0940936
0.0727725
0.11139
0.0447279
0.0609625
0.0467153
0.0544983
0.0679293
0.164413
0.00748742
0.117997
0.0698503
0.0104475
0.157153
0.0397566
0.0978404
0.0766321
0.0543038
0.106238
0.167023
0.00459027
0.12784
0.0117457
0.0697102
0.0602751
0.0226161
0.0161747
0.113949
0.0528308
0.0760274
0.130557
0.00761493
0.0769151
0.119236
0.00787894
0.0319552
0.173733
0.0825495
0.13012
0.171977
0.029486
0.132759
0.063942
0.0168499
0.129831
0.0589236
0.182814
0.0795535
0.0950437
0.0808477
0.0521275
0.0781787
0.0426658
0.103246
0.107774
0.0209124
0.131481
0.204839
0.112596
0.160506
0.152241
0.0322301
0.0597109
0.109796
0.0767966
0.0132272
0.118236
0.100803
0.181522
0.0425327
0.104989
0.0366974
0.104432
0.052424
0.00886882
0.0613914
0.0278307
0.0607218
0.0306992
0.0338939
0.113679
0.086017
0.0754016
0.0230917
0.174101
0.00541866
0.101826
0.0391751
0.0134599
0.0251952
0.0319977
0.0693963
0.149561
0.0455688
0.10164
0.042744
0.0265314
0.170194
0.112048
0.0537345
0.0792298
0.0688295
0.101517
0.0552157
0.155163
0.0889296
0.00463067
0.072907
0.184839
0.0564618
0.0760585
0.0334859
0.0813076
0.00402994
0.0217064
0.0506752
0.12857
0.067582
0.0242077
0.141765
0.116478
0.191813
0.0855495
0.107679
0.120313
0.0390708
0.0225096
0.105197
0.137793
0.127475
0.0125831
0.10807
0.0862622
0.149139
0.0678206
0.0448068
0.0454181
0.0760933
0.0192883
0.117094
0.0256857
0.0170571
0.158358
0.00565875
0.0765467
0.0124759
0.051075
0.0724455
0.0749184
0.035873
0.0726764
0.186716
0.0628275
0.0420701
0.182842
0.0817708
0.125171
0.074917
0.0553725
0.0244484
0.105346
0.000250969
0.155524
0.00108314
0.165267
0.0432842
0.00665204
0.0509765
0.0637542
0.0805914
0.160974
0.056385
0.0327305
0.128417
0.183362
0.00592246
0.116119
0.0320903
0.0365843
0.00474191
0.0640067
0.0610377
0.0670922
0.117604
0.0266047
0.0876794
0.0207535
0.0744352
0.00800087
0.0406962
0.0778542
0.0293443
0.125894
0.0299913
0.0428771
0.139546
0.118978
0.0059789
0.0380693
0.119898
0.114454
0.061681
0.114944
0.0949308
0.107577
0.15497
0.0292303
0.139489
0.0040249
0.0350328
0.00529015
0.031496
0.0328428
0.0124143
0.00947928
0.105496
0.0927419
0.0477683
0.114907
0.127912
0.101531
0.00272051
0.0355839
0.0279233
0.0353686
0.0617681
0.142111
0.0354647
0.0609314
0.00325259
0.0477575
0.177783
0.186451
0.109274
0.0108711
0.1107
0.0578364
0.0398471
0.169027
0.0215547
0.115556
0.118613
0.0274445
0.0625876
0.130104
0.00519785
0.0375441
0.0313058
0.0680448
0.033306
0.020615
0.0366149
0.053119
0.0498108
0.125492
0.001776
0.0646472
0.0251476
0.0358135
0.0165417
0.0821404
0.113511
0.0496183
0.0856951
0.0578818
0.0072208
0.133321
0.0555036
