0.0467523
0.0204298
0.0202527
0.00289009
0.0841303
0.126436
0.0225393
0.0703243
0.0492195
0.0264635
0.0339486
0.0354598
0.13384
0.115833
0.122602
0.0315379
0.149109
0.0420563
0.170619
0.192518
0.00706467
0.225779
0.0216368
0.0846174
0.0470618
0.143807
0.0553033
0.0351507
0.0486636
0.183743
0.186657
0.077144
0.177479
0.0455758
0.032761
0.0516931
0.0210931
0.0649962
0.0918537
0.00996277
0.11856
0.143499
0.0167439
0.0914693
0.107776
0.0227866
0.128698
0.101982
0.0447155
0.114117
0.118839
0.0480311
0.0183763
0.216893
0.0157722
0.185347
0.0742638
0.104072
0.133542
0.119764
0.0348733
0.099117
0.0520479
0.0168337
0.119231
0.124399
0.0576876
0.0534945
0.0177816
0.0399916
0.114745
0.0675649
0.0383776
0.0630898
0.078118
0.00238891
0.0195162
0.0786312
0.0340003
0.0114419
0.0133609
0.112523
0.00786287
0.103174
0.0291021
0.118621
0.0737255
0.0344683
0.126402
0.0328884
0.0984814
0.0379648
0.0198902
0.0169986
0.103786
0.067814
0.0651148
0.0307064
0.0288146
0.105791
0.103746
0.0619617
0.0372973
0.0304402
0.0339603
0.184148
0.0411568
0.167777
0.145676
0.0334143
0.0994658
0.0234202
0.0908807
0.107984
0.0946855
0.0759155
0.145879
0.102071
0.0483285
0.0931483
0.114128
0.0309121
0.0435127
0.125998
0.0508465
0.0304799
0.00569176
0.11533
0.11035
0.0804102
0.0850634
0.0338536
0.116189
0.0511255
0.0516122
0.0547884
0.152596
0.0233822
0.040692
0.00892692
0.0798952
0.0126695
0.118445
0.0470402
0.0497027
0.00674911
0.0405258
0.00540455
0.0561509
0.0417496
0.0881145
0.0196494
0.125022
0.0349421
0.0971911
0.0146666
0.00549944
0.0298758
0.043109
0.138648
0.0873623
0.127524
0.0736783
0.00918597
0.0574386
0.0759282
0.0528537
0.0887721
0.016753
0.0861083
0.105142
0.136757
0.0352892
0.103808
0.0264723
0.143571
0.00356759
0.102652
0.105106
0.120825
0.145734
0.0591888
0.0520858
0.0752522
0.0203691
0.192868
0.0834221
0.0152673
0.123514
0.0329946
0.105399
0.121783
0.0549638
0.0736704
0.107377
0.142419
0.0874435
0.0644351
0.022687
0.14643
0.0255826
0.153974
0.0360519
0.173221
0.125516
0.132456
0.0750681
0.0389194
0.0802757
0.135544
0.0712563
0.096375
0.0190785
0.154208
0.0915952
0.0514313
0.0562629
0.0414321
0.0488298
0.0325124
0.0236813
0.0595332
0.0768625
0.0712862
0.0679695
0.138831
0.106784
0.128168
0.0137246
0.0726742
0.0507733
0.060428
0.157519
0.0570734
0.0681445
0.1152
0.0868952
0.0766916
0.020374
0.0664575
0.189685
0.0999781
0.0131173
0.0510772
0.0479467
0.0609187
0.0459484
0.00581827
0.0574249
0.0305675
0.0553523
0.133409
0.0660662
0.0269091
0.021665
0.0257074
0.0206584
0.0973635
0.0637998
0.00673451
0.0177734
0.194035
0.0252865
0.179269
0.074584
0.0880441
0.0615905
0.0960196
0.0708588
0.109798
0.0465255
0.0853626
0.0375302
0.0235812
0.111804
0.135883
0.122262
0.0138945
0.100143
0.152512
0.0300784
0.125926
0.0165559
0.0916451
0.0707692
0.133546
0.166389
0.122356
0.0366018
0.0189132
0.104495
0.0157368
0.0269512
0.0829174
0.0599125
0.00544187
0.0808029
0.056042
0.118826
0.124288
0.0185255
0.150205
0.0194187
0.0448071
0.0913319
0.0279839
0.0626493
0.0447866
0.0522928
0.162152
0.135478
0.0475103
0.123899
0.0290095
0.0339457
0.0102802
0.146074
0.0539862
0.176983
0.0734143
0.132932
0.0456622
0.0475413
0.0061459
0.024778
0.068002
0.0281873
0.194644
0.134327
0.00918167
0.0635801
0.119439
0.0247743
0.142662
0.0701212
0.0518992
0.0474562
0.020177
0.0679049
0.0267876
0.201006
0.0543722
0.0719885
0.117822
0.161261
0.0369454
0.0901702
0.11053
0.0512299
0.103479
0.0111903
0.109133
0.0413491
0.0427949
0.0604235
0.0365924
0.0273229
0.0148892
0.149542
0.0644449
0.0780721
0.136424
0.079941
0.0885228
0.192801
0.0384995
0.0511866
0.0609162
0.144493
0.159339
0.0175496
0.0875474
0.206466
0.029735
0.165303
0.0116471
0.0235364
0.0284747
0.0385195
0.0406888
0.121769
0.183319
0.145135
0.0887404
0.173158
0.0663542
0.16633
0.0242373
0.0306541
0.0468844
0.0626258
0.079635
0.0655469
0.127959
0.0726028
0.0326895
0.0567266
0.0382415
0.108091
0.208997
0.0794805
0.0289938
0.0647038
0.0573401
0.084187
0.0569074
0.0597924
0.0701928
0.21559
0.0415691
0.114617
0.0757307
0.145281
0.0533757
0.050798
0.0162742
0.152337
0.02715
0.208788
0.0295974
0.104436
0.0860525
0.0785601
0.0165874
0.00605998
0.168707
0.0884088
0.0155665
0.126758
0.0826068
0.0619971
0.00721309
0.0409859
0.122815
0.159351
0.0214551
0.104619
0.0804682
0.0835456
0.0162902
0.0770439
0.128637
0.0213873
0.019592
0.0480626
0.141132
0.0471763
0.0161507
0.0344392
0.0596899
0.0720201
0.139335
0.103653
0.0499972
0.0878019
0.138984
0.0489142
0.0771349
0.0504825
0.0152636
0.102541
0.0803351
0.102
0.102137
0.0762082
0.10351
0.155047
0.0862924
0.0252674
0.0184441
0.0297915
0.00660356
0.0256535
0.054073
0.0525018
0.0328431
0.0515146
0.174812
0.16343
0.0952331
0.0455241
0.0198422
0.144725
0.115836
0.00835187
0.0542024
0.0597166
0.116323
0.113753
0.11193
0.0265196
0.0177756
0.187578
0.180606
0.00143063
0.0967716
0.114579
0.0449599
0.0616045
0.0938735
0.00994712
0.110701
0.184928
0.0083341
0.0736223
0.0466089
0.103011
0.103453
0.169919
0.0901502
0.0314325
0.0349515
0.0726006
0.0409352
0.161205
0.150633
0.0537208
0.168726
0.034092
0.181758
0.0300241
0.0459924
0.145854
0.0295196
0.0632779
0.0308931
0.116603
0.123555
0.0263447
0.064181
0.162088
0.045464
0.011673
0.0353039
0.0493958
0.113759
0.116048
0.0315864
0.0296357
0.0219303
0.0819314
0.0585483
0.0227419
0.124137
0.0350205
0.0974287
0.0278025
0.0537757
0.0533088
0.120663
0.0481391
0.115853
0.0500999
0.199822
0.0474163
0.0436295
0.0681267
0.0311747
0.106199
0.0825415
0.105293
0.143441
0.125213
0.0396876
0.0478785
0.0323681
0.0949035
0.0240634
0.129338
0.012348
0.0410405
0.197978
0.0784873
0.0874308
0.0940076
0.152621
0.0150834
0.087813
0.0786589
0.0391101
0.0968352
0.0389442
0.185655
0.105953
0.182776
0.0432257
0.0571468
0.0579516
0.106553
0.0752052
0.0124946
0.146509
0.186728
0.0432947
0.0710512
0.150475
0.0563395
0.0336739
0.0789852
0.0412477
0.167944
0.0132641
0.100978
0.0182603
0.0782863
0.108449
0.171226
0.0816845
0.0716166
0.192269
0.0162304
0.0605882
0.106943
0.108352
0.146219
0.147015
0.0433688
0.0310727
0.113656
0.0504578
0.0481715
0.100511
0.0195066
0.1604
0.0299203
0.0465329
0.0291607
0.0465445
0.0694805
0.00937452
0.135925
0.084123
0.018488
0.159853
0.0603758
0.00935448
0.075881
0.127078
0.0338835
0.0110921
0.130278
0.0956573
0.052709
0.101795
0.0260717
0.208612
0.026501
0.183392
0.019557
0.130115
0.0866699
0.184276
0.061361
0.120963
0.118922
0.0688708
0.0122824
0.0375502
0.0521599
0.10142
0.0347365
0.0844403
0.0617752
0.0851177
0.0706371
0.0676702
0.0254122
0.0855633
0.0820779
0.140781
0.0981869
0.109921
0.125417
0.100956
0.018396
0.142016
0.0873705
0.101842
0.18231
0.132551
0.0148882
0.0743652
0.167763
0.0501649
0.0204346
0.061763
0.162608
0.096971
0.019749
0.137689
0.202366
0.0170057
0.0802373
0.118772
0.109066
0.207217
0.106186
0.00716928
0.0607147
0.0840589
0.0139904
0.143071
0.043607
0.0211909
0.134637
0.0433811
0.124026
0.0555244
0.0274029
0.0306064
0.15605
0.111781
0.0749794
0.13722
0.127264
0.145212
0.047424
0.136874
0.0149614
0.106041
0.0613251
0.103098
0.152643
0.149127
0.109073
0.0735233
0.0393626
0.00627032
0.0644316
0.120512
0.0682968
0.0261303
0.109364
0.0331285
0.0309977
0.0870507
0.0409531
0.0639127
0.176923
0.124829
0.0691737
0.0738375
0.0542017
0.107781
0.0783917
0.0984397
0.0100321
0.00805442
0.0889329
0.0141097
0.141065
0.110514
0.0978371
0.0694562
0.0951216
0.185468
0.0514098
0.0215707
0.156745
0.145424
0.0732841
0.0306524
0.177552
0.159197
0.11663
0.0196549
0.0793331
0.0484974
0.155584
0.129841
0.177743
0.0261845
0.0907985
0.00262008
0.0660637
0.0155406
0.0410535
0.0640398
0.00488414
0.0145497
0.0632604
0.0761222
0.0899677
0.167406
0.116679
0.015546
0.111995
0.0981014
0.0439964
0.133459
0.199205
0.158318
0.0560995
0.0113937
0.0459639
0.101755
0.0949265
0.0155247
0.0462861
0.0588845
0.0936088
0.132163
0.0388562
0.103285
0.00614561
0.0275405
0.106554
0.0568734
0.0535083
0.0710667
0.0871082
0.0476249
0.0102986
0.146672
0.0389116
0.0504303
0.0776654
0.122155
0.145796
0.157204
0.0447783
0.17313
0.138528
0.0156726
0.105638
0.0301194
0.0686702
0.0952087
0.0530345
0.201834
0.126802
0.146827
0.0208831
0.0521071
0.0303513
0.0216242
0.0305838
0.0460306
0.0985003
0.0178044
0.174225
0.0611153
0.0366153
0.0317173
0.0224305
0.0158936
0.185589
0.125156
0.0255104
0.00945311
0.0504914
0.136861
0.0334163
0.037271
0.103892
0.0871005
0.0751142
0.0618299
0.0267374
0.0911438
0.00240924
0.0940184
0.0822754
0.128623
0.0786434
0.0366637
0.0271086
0.0304749
0.0291725
0.0742453
0.133887
0.0582051
0.0704803
0.151588
0.0561161
0.0702975
0.111797
0.0186358
0.138507
0.143414
0.133371
0.0186104
0.0714601
0.0506185
0.0408037
0.0689034
0.0217591
0.187707
0.139057
0.0241953
0.0949156
0.0076
0.0257182
0.0779858
0.0406807
0.0995141
0.00386398
0.0471253
0.0942895
0.0385755
0.100924
0.0389991
0.105537
0.0520591
0.00827451
0.028815
0.142087
0.0490348
0.0561558
0.0613249
0.0224619
0.0366043
0.0959078
0.131203
0.0218096
0.0656651
0.0830226
0.0030205
0.0218085
0.165854
0.0101956
0.0716582
0.0510664
0.141822
0.0267994
0.0368812
0.0651913
0.0467523
0.0204298
0.0202527
0.00289009
0.0841303
0.126436
0.0225393
0.0703243
0.0492195
0.0264635
0.0339486
0.0354598
0.13384
0.115833
0.122602
0.0315379
0.149109
0.0420563
0.170619
0.192518
0.00706467
0.225779
0.0216368
0.0846174
0.0470618
0.143807
0.0553033
0.0351507
0.0486636
0.183743
0.186657
0.077144
0.177479
0.0455758
0.032761
0.0516931
0.0210931
0.0649962
0.0918537
0.00996277
0.11856
0.143499
0.0167439
0.0914693
0.107776
0.0227866
0.128698
0.101982
0.0447155
0.114117
0.118839
0.0480311
0.0183763
0.216893
0.0157722
0.185347
0.0742638
0.104072
0.133542
0.119764
0.0348733
0.099117
0.0520479
0.0168337
0.119231
0.124399
0.0576876
0.0534945
0.0177816
0.0399916
0.114745
0.0675649
0.0383776
0.0630898
0.078118
0.00238891
0.0195162
0.0786312
0.0340003
0.0114419
0.0133609
0.112523
0.00786287
0.103174
0.0291021
0.118621
0.0737255
0.0344683
0.126402
0.0328884
0.0984814
0.0379648
0.0198902
0.0169986
0.103786
0.067814
0.0651148
0.0307064
0.0288146
0.105791
0.103746
0.0619617
0.0372973
0.0304402
0.0339603
0.184148
0.0411568
0.167777
0.145676
0.0334143
0.0994658
0.0234202
0.0908807
0.107984
0.0946855
0.0759155
0.145879
0.102071
0.0483285
0.0931483
0.114128
0.0309121
0.0435127
0.125998
0.0508465
0.0304799
0.00569176
0.11533
0.11035
0.0804102
0.0850634
0.0338536
0.116189
0.0511255
0.0516122
0.0547884
0.152596
0.0233822
0.040692
0.00892692
0.0798952
0.0126695
0.118445
0.0470402
0.0497027
0.00674911
0.0405258
0.00540455
0.0561509
0.0417496
0.0881145
0.0196494
0.125022
0.0349421
0.0971911
0.0146666
0.00549944
0.0298758
0.043109
0.138648
0.0873623
0.127524
0.0736783
0.00918597
0.0574386
0.0759282
0.0528537
0.0887721
0.016753
0.0861083
0.105142
0.136757
0.0352892
0.103808
0.0264723
0.143571
0.00356759
0.102652
0.105106
0.120825
0.145734
0.0591888
0.0520858
0.0752522
0.0203691
0.192868
0.0834221
0.0152673
0.123514
0.0329946
0.105399
0.121783
0.0549638
0.0736704
0.107377
0.142419
0.0874435
0.0644351
0.022687
0.14643
0.0255826
0.153974
0.0360519
0.173221
0.125516
0.132456
0.0750681
0.0389194
0.0802757
0.135544
0.0712563
0.096375
0.0190785
0.154208
0.0915952
0.0514313
0.0562629
0.0414321
0.0488298
0.0325124
0.0236813
0.0595332
0.0768625
0.0712862
0.0679695
0.138831
0.106784
0.128168
0.0137246
0.0726742
0.0507733
0.060428
0.157519
0.0570734
0.0681445
0.1152
0.0868952
0.0766916
0.020374
0.0664575
0.189685
0.0999781
0.0131173
0.0510772
0.0479467
0.0609187
0.0459484
0.00581827
0.0574249
0.0305675
0.0553523
0.133409
0.0660662
0.0269091
0.021665
0.0257074
0.0206584
0.0973635
0.0637998
0.00673451
0.0177734
0.194035
0.0252865
0.179269
0.074584
0.0880441
0.0615905
0.0960196
0.0708588
0.109798
0.0465255
0.0853626
0.0375302
0.0235812
0.111804
0.135883
0.122262
0.0138945
0.100143
0.152512
0.0300784
0.125926
0.0165559
0.0916451
0.0707692
0.133546
0.166389
0.122356
0.0366018
0.0189132
0.104495
0.0157368
0.0269512
0.0829174
0.0599125
0.00544187
0.0808029
0.056042
0.118826
0.124288
0.0185255
0.150205
0.0194187
0.0448071
0.0913319
0.0279839
0.0626493
0.0447866
0.0522928
0.162152
0.135478
0.0475103
0.123899
0.0290095
0.0339457
0.0102802
0.146074
0.0539862
0.176983
0.0734143
0.132932
0.0456622
0.0475413
0.0061459
0.024778
0.068002
0.0281873
0.194644
0.134327
0.00918167
0.0635801
0.119439
0.0247743
0.142662
0.0701212
0.0518992
0.0474562
0.020177
0.0679049
0.0267876
0.201006
0.0543722
0.0719885
0.117822
0.161261
0.0369454
0.0901702
0.11053
0.0512299
0.103479
0.0111903
0.109133
0.0413491
0.0427949
0.0604235
0.0365924
0.0273229
0.0148892
0.149542
0.0644449
0.0780721
0.136424
0.079941
0.0885228
0.192801
0.0384995
0.0511866
0.0609162
0.144493
0.159339
0.0175496
0.0875474
0.206466
0.029735
0.165303
0.0116471
0.0235364
0.0284747
0.0385195
0.0406888
0.121769
0.183319
0.145135
0.0887404
0.173158
0.0663542
0.16633
0.0242373
0.0306541
0.0468844
0.0626258
0.079635
0.0655469
0.127959
0.0726028
0.0326895
0.0567266
0.0382415
0.108091
0.208997
0.0794805
0.0289938
0.0647038
0.0573401
0.084187
0.0569074
0.0597924
0.0701928
0.21559
0.0415691
0.114617
0.0757307
0.145281
0.0533757
0.050798
0.0162742
0.152337
0.02715
0.208788
0.0295974
0.104436
0.0860525
0.0785601
0.0165874
0.00605998
0.168707
0.0884088
0.0155665
0.126758
0.0826068
0.0619971
0.00721309
0.0409859
0.122815
0.159351
0.0214551
0.104619
0.0804682
0.0835456
0.0162902
0.0770439
0.128637
0.0213873
0.019592
0.0480626
0.141132
0.0471763
0.0161507
0.0344392
0.0596899
0.0720201
0.139335
0.103653
0.0499972
0.0878019
0.138984
0.0489142
0.0771349
0.0504825
0.0152636
0.102541
0.0803351
0.102
0.102137
0.0762082
0.10351
0.155047
0.0862924
0.0252674
0.0184441
0.0297915
0.00660356
0.0256535
0.054073
0.0525018
0.0328431
0.0515146
0.174812
0.16343
0.0952331
0.0455241
0.0198422
0.144725
0.115836
0.00835187
0.0542024
0.0597166
0.116323
0.113753
0.11193
0.0265196
0.0177756
0.187578
0.180606
0.00143063
0.0967716
0.114579
0.0449599
0.0616045
0.0938735
0.00994712
0.110701
0.184928
0.0083341
0.0736223
0.0466089
0.103011
0.103453
0.169919
0.0901502
0.0314325
0.0349515
0.0726006
0.0409352
0.161205
0.150633
0.0537208
0.168726
0.034092
0.181758
0.0300241
0.0459924
0.145854
0.0295196
0.0632779
0.0308931
0.116603
0.123555
0.0263447
0.064181
0.162088
0.045464
0.011673
0.0353039
0.0493958
0.113759
0.116048
0.0315864
0.0296357
0.0219303
0.0819314
0.0585483
0.0227419
0.124137
0.0350205
0.0974287
0.0278025
0.0537757
0.0533088
0.120663
0.0481391
0.115853
0.0500999
0.199822
0.0474163
0.0436295
0.0681267
0.0311747
0.106199
0.0825415
0.105293
0.143441
0.125213
0.0396876
0.0478785
0.0323681
0.0949035
0.0240634
0.129338
0.012348
0.0410405
0.197978
0.0784873
0.0874308
0.0940076
0.152621
0.0150834
0.087813
0.0786589
0.0391101
0.0968352
0.0389442
0.185655
0.105953
0.182776
0.0432257
0.0571468
0.0579516
0.106553
0.0752052
0.0124946
0.146509
0.186728
0.0432947
0.0710512
0.150475
0.0563395
0.0336739
0.0789852
0.0412477
0.167944
0.0132641
0.100978
0.0182603
0.0782863
0.108449
0.171226
0.0816845
0.0716166
0.192269
0.0162304
0.0605882
0.106943
0.108352
0.146219
0.147015
0.0433688
0.0310727
0.113656
0.0504578
0.0481715
0.100511
0.0195066
0.1604
0.0299203
0.0465329
0.0291607
0.0465445
0.0694805
0.00937452
0.135925
0.084123
0.018488
0.159853
0.0603758
0.00935448
0.075881
0.127078
0.0338835
0.0110921
0.130278
0.0956573
0.052709
0.101795
0.0260717
0.208612
0.026501
0.183392
0.019557
0.130115
0.0866699
0.184276
0.061361
0.120963
0.118922
0.0688708
0.0122824
0.0375502
0.0521599
0.10142
0.0347365
0.0844403
0.0617752
0.0851177
0.0706371
0.0676702
0.0254122
0.0855633
0.0820779
0.140781
0.0981869
0.109921
0.125417
0.100956
0.018396
0.142016
0.0873705
0.101842
0.18231
0.132551
0.0148882
0.0743652
0.167763
0.0501649
0.0204346
0.061763
0.162608
0.096971
0.019749
0.137689
0.202366
0.0170057
0.0802373
0.118772
0.109066
0.207217
0.106186
0.00716928
0.0607147
0.0840589
0.0139904
0.143071
0.043607
0.0211909
0.134637
0.0433811
0.124026
0.0555244
0.0274029
0.0306064
0.15605
0.111781
0.0749794
0.13722
0.127264
0.145212
0.047424
0.136874
0.0149614
0.106041
0.0613251
0.103098
0.152643
0.149127
0.109073
0.0735233
0.0393626
0.00627032
0.0644316
0.120512
0.0682968
0.0261303
0.109364
0.0331285
0.0309977
0.0870507
0.0409531
0.0639127
0.176923
0.124829
0.0691737
0.0738375
0.0542017
0.107781
0.0783917
0.0984397
0.0100321
0.00805442
0.0889329
0.0141097
0.141065
0.110514
0.0978371
0.0694562
0.0951216
0.185468
0.0514098
0.0215707
0.156745
0.145424
0.0732841
0.0306524
0.177552
0.159197
0.11663
0.0196549
0.0793331
0.0484974
0.155584
0.129841
0.177743
0.0261845
0.0907985
0.00262008
0.0660637
0.0155406
0.0410535
0.0640398
0.00488414
0.0145497
0.0632604
0.0761222
0.0899677
0.167406
0.116679
0.015546
0.111995
0.0981014
0.0439964
0.133459
0.199205
0.158318
0.0560995
0.0113937
0.0459639
0.101755
0.0949265
0.0155247
0.0462861
0.0588845
0.0936088
0.132163
0.0388562
0.103285
0.00614561
0.0275405
0.106554
0.0568734
0.0535083
0.0710667
0.0871082
0.0476249
0.0102986
0.146672
0.0389116
0.0504303
0.0776654
0.122155
0.145796
0.157204
0.0447783
0.17313
0.138528
0.0156726
0.105638
0.0301194
0.0686702
0.0952087
0.0530345
0.201834
0.126802
0.146827
0.0208831
0.0521071
0.0303513
0.0216242
0.0305838
0.0460306
0.0985003
0.0178044
0.174225
0.0611153
0.0366153
0.0317173
0.0224305
0.0158936
0.185589
0.125156
0.0255104
0.00945311
0.0504914
0.136861
0.0334163
0.037271
0.103892
0.0871005
0.0751142
0.0618299
0.0267374
0.0911438
0.00240924
0.0940184
0.0822754
0.128623
0.0786434
0.0366637
0.0271086
0.0304749
0.0291725
0.0742453
0.133887
0.0582051
0.0704803
0.151588
0.0561161
0.0702975
0.111797
0.0186358
0.138507
0.143414
0.133371
0.0186104
0.0714601
0.0506185
0.0408037
0.0689034
0.0217591
0.187707
0.139057
0.0241953
0.0949156
0.0076
0.0257182
0.0779858
0.0406807
0.0995141
0.00386398
0.0471253
0.0942895
0.0385755
0.100924
0.0389991
0.105537
0.0520591
0.00827451
0.028815
0.142087
0.0490348
0.0561558
0.0613249
0.0224619
0.0366043
0.0959078
0.131203
0.0218096
0.0656651
0.0830226
0.0030205
0.0218085
0.165854
0.0101956
0.0716582
0.0510664
0.141822
0.0267994
0.0368812
0.0651913
0.0642718
0.00637624
0.0361803
0.0260913
0.0377556
0.0706661
0.0320068
0.0645247
0.0396229
0.104029
0.0237089
0.147254
0.075766
0.144676
0.0490388
0.0120499
0.0408143
0.0873366
0.063188
0.143423
0.0948197
0.0385183
0.0304602
0.148987
0.0566338
0.150494
0.0942698
0.204924
0.0174092
0.0208576
0.0249629
0.10541
0.0422278
0.0302003
0.0302049
0.0753953
0.0160758
0.0299771
0.119573
0.0900407
0.0272294
0.0442587
0.0716543
0.0844136
0.0262988
0.106487
0.0518098
0.116094
0.0130934
0.0687622
0.0353697
0.0683939
0.07837
0.0917031
0.13143
0.0310737
0.118633
0.148209
0.0477539
0.0748564
0.0435757
0.0260761
0.20305
0.0264778
0.211031
0.0947369
0.161652
0.0409577
0.0206208
0.0701292
0.0167978
0.0398504
0.0409151
0.204796
0.158667
0.216148
0.0355547
0.0437619
0.0197381
0.0315564
0.0415909
0.0727154
0.0763382
0.0959372
0.0402999
0.117025
0.131124
0.0622994
0.0206224
0.107293
0.0462978
0.034074
0.167087
0.0709884
0.156138
0.0497805
0.0215767
0.0550306
0.187202
0.135023
0.0216522
0.1323
0.0725003
0.14391
0.144795
0.142359
0.0368949
0.165689
0.0735608
0.0653373
0.086688
0.00882054
0.116292
0.147586
0.179067
0.0854025
0.109876
0.091466
0.0918375
0.0342089
0.17304
0.206624
0.111644
0.0401665
0.0562975
0.175187
0.0690682
0.0356739
0.0237838
0.113951
0.170081
0.105714
0.050709
0.182013
0.00897031
0.125798
0.0118936
0.117829
0.0243157
0.161733
0.152816
0.0868258
0.175265
0.148762
0.114459
0.188568
0.12067
0.0525741
0.0970689
0.0675398
0.103008
0.159529
0.127731
0.165481
0.105114
0.107789
0.0760498
0.0444921
0.0601171
0.0810532
0.030073
0.219444
0.0144497
0.0714207
0.146363
0.0786905
0.0495177
0.134663
0.0214959
0.0884445
0.111516
0.0138291
0.0833967
0.029335
0.195924
0.0733288
0.0134226
0.0213571
0.0976063
0.0467051
0.00831946
0.014481
0.14251
0.106378
0.0566135
0.0326223
0.0971554
0.0550099
0.106809
0.140388
0.0262318
0.084109
0.0703743
0.0992981
0.0647172
0.0162855
0.14497
0.0206976
0.0906248
0.0962902
0.123186
0.0243706
0.0575518
0.0462207
0.106817
0.0425492
0.143542
0.0655003
0.121042
0.051321
0.114271
0.0325833
0.0428079
0.0330614
0.0212048
0.0235312
0.0493915
0.100328
0.0466753
0.0245898
0.0483059
0.077717
0.0976999
0.111269
0.149367
0.0841101
0.101526
0.077896
0.0300509
0.0947246
0.0309902
0.0129451
0.0569217
0.0743116
0.0917834
0.0215267
0.0563209
0.0735211
0.0409396
0.149561
0.123773
0.153117
0.0245146
0.0873682
0.070075
0.131507
0.0791372
0.0445419
0.154416
0.192505
0.0834226
0.152797
0.0969922
0.0336485
0.0729446
0.0947584
0.0489453
0.0313952
0.0230608
0.0947495
0.0630798
0.0802571
0.18351
0.203059
0.0645333
0.0764981
0.127434
0.107287
0.0178667
0.110147
0.0489212
0.0587013
0.0406517
0.194021
0.0493218
0.0338372
0.0272571
0.0616502
0.00516572
0.096458
0.102485
0.0385218
0.0272924
0.0492965
0.119853
0.179873
0.103384
0.033721
0.00613089
0.0320171
0.0671686
0.0855514
0.0302116
0.152527
0.165959
0.0486139
0.0138549
0.0165742
0.0701365
0.0342014
0.0542663
0.0247507
0.114228
0.0332772
0.0443721
0.00706784
0.085132
0.0797894
0.143085
0.0814612
0.0140707
0.0517933
0.0526863
0.0577703
0.0768836
0.108114
0.0390009
0.040644
0.0340306
0.156863
0.0540514
0.0376724
0.0880982
0.0747722
0.155781
0.0160608
0.00312821
0.0263149
0.113936
0.0702949
0.0928183
0.00380148
0.0788264
0.162844
0.160426
0.0647019
0.0333576
0.00171671
0.0386797
0.0331114
0.103705
0.146001
0.0972699
0.0175485
0.102081
0.148904
0.019472
0.0453668
0.0660519
0.0311235
0.195904
0.0587687
0.0996762
0.11935
0.0986859
0.169656
0.0901117
0.0212768
0.0566671
0.00869916
0.108414
0.00407266
0.00750934
0.0609702
0.104873
0.108291
0.1302
0.0362306
0.0179079
0.164573
0.0302465
0.0866798
0.0821976
0.0115575
0.161196
0.0675769
0.0829915
0.0420709
0.184246
0.0285538
0.175349
0.0523719
0.00449409
0.0112791
0.0719916
0.00517771
0.109826
0.0764883
0.0435196
0.041925
0.0176118
0.191498
0.0306545
0.0787383
0.0515682
0.029603
0.0129363
0.0135081
0.0668177
0.0913447
0.0794457
0.192296
0.128324
0.0599671
0.0813505
0.0514286
0.157203
0.0685888
0.165632
0.0335258
0.165711
0.0988947
0.0193226
0.0190955
0.0802167
0.107813
0.0840023
0.071796
0.0693772
0.15357
0.104055
0.0373878
0.00362279
0.051356
0.106766
0.0593654
0.0134906
0.0954289
0.0229841
0.054262
0.181949
0.193086
0.0465972
0.0578334
0.13476
0.194334
0.0909083
0.131822
0.0179224
0.176116
0.0467331
0.0502939
0.125049
0.169539
0.151409
0.0192907
0.0370657
0.121934
0.161176
0.0447419
0.0315581
0.0359194
0.0624759
0.0384647
0.0257851
0.0421995
0.149438
0.123531
0.0228345
0.0264288
0.128037
0.0728939
0.0164839
0.0464691
0.0331338
0.0100817
0.127141
0.149361
0.104289
0.0123915
0.02269
0.0689727
0.051312
0.0481596
0.0833408
0.0579517
0.0153181
0.053292
0.107783
0.0130086
0.136881
0.0747965
0.125614
0.00375381
0.0651224
0.1028
0.00898874
0.057093
0.0676667
0.0842835
0.0254274
0.0459279
0.0462276
0.0575306
0.155687
0.00138508
0.0837503
0.182685
0.0107764
0.0648996
0.108817
0.0146255
0.139244
0.0991578
0.0329056
0.0208148
0.107313
0.0437885
0.0447702
0.0504659
0.0343703
0.0815813
0.0524701
0.0343055
0.0514948
0.0413567
0.0620623
0.0476975
0.0741086
0.0148421
0.0890875
0.112763
0.0367503
0.118291
0.138815
0.188445
0.123713
0.0199917
0.0687552
0.0529514
0.0514029
0.0568935
0.0467291
0.0372954
0.03375
0.0341749
0.0510772
0.0276788
0.0126199
0.0606425
0.0113381
0.053161
0.0820731
0.00492287
0.0369206
0.196094
0.0320321
0.0154087
0.0655646
0.092024
0.10153
0.00866616
0.0389148
0.10009
0.101105
0.0740591
0.00772821
0.101007
0.119569
0.127717
0.0175398
0.139882
0.0237772
0.0717969
0.0414789
0.0948798
0.0469245
0.0529596
0.164521
0.0987572
0.0409
0.0826873
0.0908411
0.112198
0.0237189
0.168382
0.0555095
0.0868492
0.0134
0.0246083
0.0590626
0.0908983
0.0275086
0.0460792
0.0849514
0.157975
0.0771501
0.00288124
0.0218436
0.0491665
0.0610604
0.0790159
0.178185
0.152346
0.00357882
0.017706
0.104196
0.0894723
0.212453
0.0514925
0.0627456
0.0432325
0.0982549
0.0320437
0.0419587
0.0934498
0.118982
0.0262555
0.131646
0.102712
0.078983
0.164304
0.221926
0.102299
0.0629189
0.104034
0.0448349
0.0513247
0.0287401
0.014026
0.0013581
0.0640126
0.0171498
0.165563
0.00954982
0.0372905
0.0097864
0.11077
0.0546819
0.0770162
0.0149051
0.132376
0.021921
0.0313341
0.0798444
0.0711107
0.0870803
0.0803521
0.0628669
0.0428168
0.0073029
0.0983292
0.0767559
0.143999
0.0988919
0.0419585
0.115965
0.0466471
0.0805266
0.149523
0.0416972
0.0969219
0.084993
0.0466916
0.124774
0.0377931
0.0424224
0.109038
0.0665075
0.125411
0.0535699
0.0872116
0.0504715
0.104257
0.071233
0.0395054
0.0563769
0.149282
0.013698
0.000432466
0.202274
0.0324171
0.00963419
0.107908
0.0515033
0.115953
0.112341
0.0728677
0.0845282
0.0446148
0.0929577
0.0565176
0.175971
0.0746812
0.0382981
0.134135
0.0458736
0.167639
0.0135173
0.087802
0.0134726
0.0988498
0.131227
0.0886334
0.0213964
0.0667948
0.0610538
0.162501
0.0773926
0.136191
0.0953325
0.0879645
0.0847457
0.0984011
0.0802397
0.112961
0.149381
0.0218317
0.197933
0.0917734
0.0841754
0.127291
0.11966
0.113819
0.204138
0.00207154
0.0710932
0.194646
0.0577402
0.0700471
0.0878546
0.05745
0.137809
0.0428898
0.0425352
0.152545
0.0482622
0.205019
0.060509
0.0691461
0.114301
0.0223535
0.0590352
0.0134434
0.0223784
0.129411
0.0755432
0.0106743
0.0794814
0.0123009
0.1556
0.11919
0.0638075
0.0535696
0.0510188
0.20933
0.0960796
0.0605723
0.161529
0.123894
0.0199167
0.115914
0.0845554
0.0650927
0.049856
0.166258
0.1739
0.135313
0.126603
0.0203645
0.00917689
0.00754906
0.0487429
0.0841593
0.00219041
0.050402
0.150915
0.0328612
0.0899135
0.130423
0.0231234
0.0592499
0.0119796
0.0332872
0.0394317
0.0389605
0.0316442
0.033109
0.0515292
0.0113012
0.149993
0.0995492
0.0668855
0.118278
0.0785311
0.123396
0.171984
0.0293967
0.135959
0.168574
0.021855
0.0555174
0.101681
0.114073
0.0522544
0.12039
0.0920746
0.154242
0.0349388
0.0942811
0.0948469
0.102103
0.140349
0.131974
0.0409603
0.105198
0.0764304
0.088058
0.049312
0.0454386
0.116307
0.0355929
0.13518
0.00425504
0.0152549
0.101689
0.170426
0.0104006
0.0722609
0.0129117
0.073649
0.0832652
0.00433999
0.144059
0.135301
0.0712326
0.0540255
0.163159
0.0210206
0.132557
0.0176037
0.0672648
0.131102
0.0867497
0.0181531
0.110455
0.0361229
0.210407
0.079105
0.0501968
0.189233
0.0217426
0.154847
0.0681019
0.0579101
0.0288582
0.0496186
0.0705723
0.0429655
0.0803604
0.0667434
0.0302263
0.111632
0.148084
0.156134
0.0248955
0.103376
0.153579
0.0878038
0.0842512
0.0466331
0.0990904
0.161488
0.044285
0.0395883
0.0436248
0.0402034
0.139765
0.171595
0.125924
0.0722578
0.0538169
0.0598705
0.117909
0.0165129
0.0825922
0.0704307
0.166147
0.160031
0.143614
0.0200232
0.0180491
0.139826
0.101369
0.0128521
0.0958013
0.0103325
0.0433759
0.0421216
0.0274797
0.110384
0.123801
0.0161468
0.050425
0.0170371
0.0240812
0.0539272
0.184556
0.151171
0.10243
0.143023
0.0962247
0.0395705
0.0357127
0.00509849
0.124102
0.147817
0.0473788
0.0459849
0.00192939
0.153633
0.00165153
0.192941
0.0990593
0.0182435
0.00274725
0.0107958
0.0705211
0.0178737
0.0459735
0.0453291
0.00406699
0.0654572
0.181554
0.107919
0.101266
0.0345431
0.0143993
0.0649129
0.103156
0.111996
0.0553828
0.0790272
0.0205561
0.13138
0.0581088
0.0950763
0.0644478
0.0554933
0.0766578
0.0533707
0.0194104
