0.0908181
0.0543676
0.0102194
0.0400163
0.113434
0.140214
0.106312
0.0796253
0.0764464
0.0521069
0.00909053
0.00407263
0.0933322
0.0299062
0.00750409
0.0669618
0.0671136
0.157786
0.147085
0.0783086
0.030398
0.01516
0.100545
0.141586
0.00806765
0.101698
0.124565
0.0925109
0.0790074
0.0725384
0.0972215
0.121009
0.0579697
0.057069
0.00908302
0.0826274
0.050139
0.100067
0.0234121
0.00706967
0.0587615
0.14935
0.0586529
0.0630565
0.0728782
0.0322474
0.115512
0.00448415
0.0358338
0.0548508
0.0953371
0.178716
0.0188676
0.0431799
0.0675199
0.056381
0.102429
0.143151
0.021537
0.179718
0.0769737
0.0780202
0.0150875
0.0971621
0.00824591
0.0484947
0.0628699
0.115284
0.0608462
0.042895
0.018105
0.00881644
0.095325
0.0163056
0.114475
0.139404
0.106664
0.0920297
0.172043
0.0376142
0.026481
0.117769
0.0754213
0.157828
0.0602733
0.112835
0.135287
0.049131
0.0622239
0.00453705
0.00441729
0.108477
0.0642141
0.155704
0.0806076
0.0809917
0.141462
0.0833838
0.189464
0.0833409
0.0352623
0.0797625
0.0700991
0.0601295
0.0175987
0.0620184
0.0706907
0.0310839
0.0993181
0.0881144
0.0394707
0.169867
0.0929845
0.110689
0.0642631
0.175021
0.00856578
0.0890404
0.0324431
0.0261952
0.167407
0.129805
0.120391
0.0149941
0.0318984
0.0314759
0.0589908
0.0543938
0.037908
0.0781922
0.0113925
0.119771
0.0339875
0.024269
0.134779
0.00339321
0.16693
0.0582053
0.0529314
0.169573
0.162269
0.0616261
0.0752186
0.110571
0.0467244
0.0461633
0.0375171
0.0324643
0.0886583
0.0715645
0.0177181
0.0782884
0.020248
0.014061
0.148583
0.209841
0.0920541
0.149838
0.029488
0.00829963
0.072501
0.0591086
0.10686
0.160749
0.058554
0.192099
0.0668023
0.142678
0.0208483
0.113369
0.020543
0.128075
0.0104016
0.0692529
0.00404578
0.0521037
0.0411489
0.0258285
0.0267058
0.171902
0.0357923
0.0609789
0.16597
0.0536224
0.116344
0.0284441
0.00671474
0.0264336
0.0584311
0.00552549
0.096184
0.0655384
0.0370533
0.0316641
0.0677956
0.173274
0.0696187
0.145207
0.0816476
0.0913982
0.0286368
0.0907604
0.084507
0.184206
0.0525786
0.149285
0.0456818
0.108009
0.0627378
0.0646548
0.104898
0.0229202
0.108421
0.0478818
0.0555894
0.032999
0.172682
0.0678514
0.108683
0.0458217
0.0935531
0.0878562
0.100977
0.0608517
0.0870212
0.0865728
0.0485959
0.139473
0.107532
0.086667
0.0320698
0.00349351
0.0973055
0.0551088
0.076688
0.16613
0.0331869
0.00944602
0
0.107708
0.0901355
0.0619035
0.165517
0.0690169
0.0571223
0.198893
0.0548669
0.149213
0.0773102
0.0624069
0.15311
0.0697157
0.0562199
0.0854924
0.0561721
0.0311782
0.0915648
0.052229
0.207555
0.126782
0.012928
0.0415441
0.135302
0.0125816
0.0601952
0.171426
0.04367
0.152786
0.0822147
0.0479083
0.0954843
0.0479505
0.126648
0.0320829
0.103711
0.0323567
0.165092
0.0379506
0.0567558
0.00596927
0.0813972
0.0760787
0.121795
0.0619911
0.0273284
0.0544408
0.0886186
0.140086
0.0516035
0.122698
0.096038
0.0455224
0.0471402
0.0120935
0.152147
0.102033
0.0216402
0.0402769
0.133035
0.11964
0.101272
0.107996
0.104343
0.026448
0.0351223
0.100694
0.0853537
0.0190306
0.0190582
0.045385
0.121985
0.05846
0.0404042
0.103836
0.0486738
0.0164303
0.0461664
0.0560619
0.122379
0.11798
0.0877998
0.0552284
0.0658361
0.115264
0.011238
0.138543
0.0411099
0.1272
0.0248798
0.0866497
0.074761
0.0681051
0.119199
0.0719757
0.136177
0.107134
0.0278973
0.0926561
0.165438
0.0360549
0.0868597
0.0229741
0.0910379
0.0428194
0.0411941
0.0475689
0.0421366
0.0870711
0.0075125
0.00165535
0.0739353
0.0961532
0.0236285
0.0126938
0.0961829
0.0473497
0.0216373
0.0947491
0.0899863
0.0223838
0.0720304
0.0595162
0.0716091
0.0546801
0.0751255
0.0108023
0.0333719
0.0516573
0.0707515
0.0821947
0.0947921
0.0240044
0.191243
0.0289391
0.0328435
0.0797339
0.120723
0.0734479
0.111145
0.150023
0.0423934
0.0192704
0.112134
0.184915
0.019945
0.0298548
0.114425
0.0614499
0.218532
0.113363
0.0207249
0.0978163
0.108441
0.0748745
0.0192166
0.0742053
0.18206
0.0224773
0.14234
0.143226
0.180735
0.146471
0.0831026
0.0775948
0.0970223
0.058205
0.0182967
0.0816431
0.128212
0.0410182
0.0770881
0.00983303
0.15883
0.0417028
0.100567
0.163155
0.10156
0.0406674
0.0196741
0.114874
0.0646894
0.0133153
0.00526134
0.045203
0.0586505
0.125795
0.0782736
0.0319344
0.0902386
0.0358612
0.115423
0.0799399
0.00563806
0.0373806
0.179468
0.026439
0.0453796
0.093857
0.00428851
0.056786
0.166173
0.0658682
0.0826708
0.167515
0.0287908
0.00258011
0.0232763
0.136818
0.0175834
0.172224
0.118555
0.00869407
0.0752986
0.0565023
0.160343
0.0826923
0.0351982
0.0578478
0.0919275
0.0622249
0.130784
0.00584572
0.19506
0.0665732
0.0129099
0.0148079
0.0852699
0.0865896
0.000749896
0.132203
0.15327
0.0856819
0.0225281
0.198197
0.190919
0.0541632
0.115137
0.0508504
0.0940475
0.138765
0.168368
0.0739352
0.0999693
0.00380048
0.193093
0.110516
0.178865
0.129023
0.164727
0.107219
0.0565642
0.0380658
0.0236215
0.0160892
0.0263128
0.0393871
0.0919837
0.0457993
0.014235
0.0310416
0.003235
0.116166
0.0479149
0.0117279
0.12676
0.0420154
0.0532495
0.0374176
0.124183
0.128999
0.024819
0.0315242
0.0427633
0.193995
0.100289
0.0287347
0.009264
0.10121
0.137762
0.221946
0.0111724
0.0506041
0.0384589
0.0342349
0.106356
0.0808302
0.0717596
0.108535
0.212225
0.105008
0.0401036
0.146186
0.185846
0.0304813
0.126072
0.0130532
0.0977972
0.115754
0.0954959
0.0991865
0.117303
0.0500941
0.0323801
0.0186399
0.0639069
0.205416
0.0971879
0.113557
0.145156
0.167956
0.0628385
0.177234
0.0843515
0.15811
0.00911764
0.0265695
0.0687657
0.0770887
0.0895526
0.0713913
0.137466
0.106658
0.111958
0.0601343
0.162581
0.0167692
0.163621
0.017423
0.0976626
0.118555
0.136422
0.0968131
0.0242162
0.0455952
0.20368
0.0941785
0.0939761
0.0315575
0.123827
0.158498
0.125339
0.112438
0.043101
0.067013
0.109351
0.0470592
0.0198996
0.0607505
0.0367281
0.0591122
0.195967
0.0696326
0.128058
0.130181
0.170807
0.0666539
0.0297203
0.127827
0.0653975
0.0535073
0.0588546
0.122391
0.0716851
0.0850142
0.146946
0.202697
0.0870217
0.0404854
0.0730812
0.0327239
0.0656899
0.0166284
0.0488837
0.0452465
0.0781185
0.12366
0.0597739
0.0137013
0.219859
0.0340736
0.0306927
0.180316
0.0664549
0.119437
0.0171316
0.0711289
0.159295
0.119822
0.0810687
0.0538733
0.0661099
0.0832678
0.0497929
0.00643727
0.153112
0.0852499
0.0942685
0.00377569
0.0554877
0.0152338
0.108672
0.00885566
0.00413448
0.130166
0.104212
0.106523
0.0574248
0.0467881
0.10709
0.0672896
0.0568153
0.123518
0.115628
0.0946281
0.0595857
0.0446144
0.0379814
0.03335
0.06931
0.0870461
0.0541878
0.122023
0.153634
0.0327425
0.00921192
0.145905
0.0659496
0.00469088
0.0373222
0.0317073
0.00178723
0.136124
0.0600573
0.0898124
0.0677795
0.0231473
0.0340584
0.0699579
0.167073
0.0773397
0.100789
0.00525774
0.0392367
0.0112879
0.137732
0.0350147
0.0620545
0.0754878
0.0188039
0.0349987
0.0811943
0.100745
0.021069
0.0411347
0.0324736
0.127283
0.0495895
0.0870427
0.0578226
0.0131699
0.0936701
0.0302038
0.06005
0.10448
0.065179
0.0980216
0.0444215
0.0615045
0.044254
0.07524
0.104096
0.0381374
0.0279072
0.0454114
0.108686
0.0689271
0.0942529
0.039069
0.124152
0.0879808
0.0505376
0.0784672
0.0565399
0.0472289
0.0485256
0.133736
0.0677296
0.188037
0.129325
0.0140721
0.0863201
0.0506349
0.0856863
0.132614
0.0769451
0.00448331
0.177363
0.00356265
0.157567
0.0727154
0.114127
0.0744603
0.0587932
0.0877322
0.125669
0.0421177
0.0260978
0.0614668
0.0329319
0.0696732
0.0700293
0.072721
0.0685473
0.0414345
0.0271638
0.0146499
0.0167421
0.0588517
0.100984
0.0257659
0.132164
0.107686
0.0703338
0.0345148
0.120264
0.191559
0.0771858
0.0759756
0.0622959
0.0549808
0.0788833
0.0420021
0.0625779
0.0883713
0.00847796
0.0169121
0.07974
0.104493
0.210675
0.0793395
0.00873764
0.109336
0.0968741
0.0468162
0.100318
0.0511101
0.0291017
0.115424
0.102407
0.0313912
0.0466605
0.0317858
0.00935554
0.101394
0.0659348
0.103185
0.0749239
0.0251278
0.0238715
0.0615564
0.0609318
0.0177119
0.0120639
0.170689
0.0850756
0.0671411
0.160322
0.0524238
0.0675356
0.0766792
0.173113
0.0636413
0.111833
0.0447624
0.127392
0.0660482
0.126272
0.019418
0.0579202
0.0859323
0.0847812
0.0728126
0.0479123
0.143855
0.066639
0.0322079
0.0885343
0.0607744
0.0929286
0.0384579
0.0310956
0.0594146
0.206213
0.0454967
0.0378262
0.0956558
0.0536643
0.192432
0.0462106
0.123399
0.00192798
0.0901543
0.120204
0.0532955
0.0480309
0.0403172
0.122864
0.00692303
0.0606136
0.0890377
0.063519
0.106973
0.0755979
0.1004
0.0499679
0.0888431
0.0965249
0.124674
0.0415258
0.123767
0.169137
0.109751
0.0519127
0.00168764
0.0958597
0.114576
0.0213214
0.150489
0.0678134
0.153145
0.168921
0.153213
0.0339374
0.0721614
0.156162
0.0165737
0.0134109
0.136104
0.0985318
0.038254
0.183416
0.0485671
0.0893581
0.0282674
0.0695353
0.10284
0.101427
0.0549879
0.0460398
0.115054
0.0483895
0.0642875
0.0136927
0.0554376
0.038923
0.0538162
0.183176
0.14148
0.0737843
0.121804
0.115869
0.0719285
0.143903
0.0312106
0.12669
0.0215641
0.0216495
0.0476791
0.060611
0.143952
0.102373
0.0680385
0.100837
0.151767
0.0983589
0.091866
0.0740421
0.0708409
0.0785255
0.113876
0.0871608
0.128699
0.0306528
0.0432674
0.0102262
0.0103066
0.0811575
0.0353028
0.0843127
0.00821945
0.0243967
0.0271395
0.154199
0.0555143
0.0548501
0.0955261
0.0119212
0.138002
0.0311767
0.0797708
0.026712
0.0962507
0.141861
0.0577293
0.0952694
0.123478
0.135718
0.0571332
0.0413382
0.191467
0.0732657
0.13599
0.0669223
0.00307964
0.109993
0.0560688
0.0280843
0.0892985
0.110164
0.0489971
0.0597434
0.163784
0.0632524
0.0437408
0.116952
0.100735
0.0950664
0.134261
0.0622012
0.0527831
0.110682
0.106037
0.0247982
0.0952297
0.154184
0.0933244
0.138459
0.0159702
0.120583
0.0205049
0.152471
0.133937
0.124577
0.00199488
0.0733298
0.0911183
0.0453662
0.112443
0.0680635
0.138941
0.0657179
0.177671
0.0238469
0.200149
0.0244047
0.131533
0.0752737
0.00610222
0.120354
0.142535
0.00698058
0.0326223
0.0898827
0.06549
0.169522
0.0949598
0.0508675
0.0339901
0.11095
0.0491041
0.0982847
0.0394629
0.142177
0.0840254
0.185084
0.0334336
0.0476117
0.031527
0.119793
0.171363
0.0635628
0.0269119
0.0809905
0.0993379
0.0315559
0.0620337
0.0503698
0.221469
0.150595
0.0878504
0.154144
0.0424538
0.0235355
0.111927
0.056464
0.0407245
0.0942769
0.0470419
0.072444
0.0597853
0.00362544
0.0711658
0.0720763
0.0498097
0.061628
0.103182
0.113707
0.0521823
0.13824
0.0232358
0.0462972
0.016552
0.0170767
0.0268903
0.0207495
0.0289544
0.0150716
0.00854024
0.191764
0.0477073
0.136713
0.0129981
0.102342
0.046344
0.0487139
0.0284282
0.0939291
0.132573
0.0489299
0.00604277
0.131976
0.142918
0.116104
0.0754287
0.0758776
0.138594
0.0224251
0.154487
0.186784
0.15477
0.0441795
0.0259358
0.137002
0.0726919
0.0346467
0.0653764
0.064401
0.159528
0.0161035
0.144496
0.0277229
0.0748532
0.0527549
0.0986207
0.0217874
0.0299337
0.112135
0.0512921
0.10499
0.00639365
0.0631289
0.00382659
0.048437
0.113311
0.0515263
0.0364994
0.088533
0.137331
0.153763
0.0464683
0.166091
0.155592
0.0413141
0.128897
0.110813
0.1162
0.0455086
0.0785222
0.0152867
0.0326094
0.157947
0.148258
0.0214953
0.0168654
0.0699646
0.0893915
0.105826
0.0908181
0.0543676
0.0102194
0.0400163
0.113434
0.140214
0.106312
0.0796253
0.0764464
0.0521069
0.00909053
0.00407263
0.0933322
0.0299062
0.00750409
0.0669618
0.0671136
0.157786
0.147085
0.0783086
0.030398
0.01516
0.100545
0.141586
0.00806765
0.101698
0.124565
0.0925109
0.0790074
0.0725384
0.0972215
0.121009
0.0579697
0.057069
0.00908302
0.0826274
0.050139
0.100067
0.0234121
0.00706967
0.0587615
0.14935
0.0586529
0.0630565
0.0728782
0.0322474
0.115512
0.00448415
0.0358338
0.0548508
0.0953371
0.178716
0.0188676
0.0431799
0.0675199
0.056381
0.102429
0.143151
0.021537
0.179718
0.0769737
0.0780202
0.0150875
0.0971621
0.00824591
0.0484947
0.0628699
0.115284
0.0608462
0.042895
0.018105
0.00881644
0.095325
0.0163056
0.114475
0.139404
0.106664
0.0920297
0.172043
0.0376142
0.026481
0.117769
0.0754213
0.157828
0.0602733
0.112835
0.135287
0.049131
0.0622239
0.00453705
0.00441729
0.108477
0.0642141
0.155704
0.0806076
0.0809917
0.141462
0.0833838
0.189464
0.0833409
0.0352623
0.0797625
0.0700991
0.0601295
0.0175987
0.0620184
0.0706907
0.0310839
0.0993181
0.0881144
0.0394707
0.169867
0.0929845
0.110689
0.0642631
0.175021
0.00856578
0.0890404
0.0324431
0.0261952
0.167407
0.129805
0.120391
0.0149941
0.0318984
0.0314759
0.0589908
0.0543938
0.037908
0.0781922
0.0113925
0.119771
0.0339875
0.024269
0.134779
0.00339321
0.16693
0.0582053
0.0529314
0.169573
0.162269
0.0616261
0.0752186
0.110571
0.0467244
0.0461633
0.0375171
0.0324643
0.0886583
0.0715645
0.0177181
0.0782884
0.020248
0.014061
0.148583
0.209841
0.0920541
0.149838
0.029488
0.00829963
0.072501
0.0591086
0.10686
0.160749
0.058554
0.192099
0.0668023
0.142678
0.0208483
0.113369
0.020543
0.128075
0.0104016
0.0692529
0.00404578
0.0521037
0.0411489
0.0258285
0.0267058
0.171902
0.0357923
0.0609789
0.16597
0.0536224
0.116344
0.0284441
0.00671474
0.0264336
0.0584311
0.00552549
0.096184
0.0655384
0.0370533
0.0316641
0.0677956
0.173274
0.0696187
0.145207
0.0816476
0.0913982
0.0286368
0.0907604
0.084507
0.184206
0.0525786
0.149285
0.0456818
0.108009
0.0627378
0.0646548
0.104898
0.0229202
0.108421
0.0478818
0.0555894
0.032999
0.172682
0.0678514
0.108683
0.0458217
0.0935531
0.0878562
0.100977
0.0608517
0.0870212
0.0865728
0.0485959
0.139473
0.107532
0.086667
0.0320698
0.00349351
0.0973055
0.0551088
0.076688
0.16613
0.0331869
0.00944602
0
0.107708
0.0901355
0.0619035
0.165517
0.0690169
0.0571223
0.198893
0.0548669
0.149213
0.0773102
0.0624069
0.15311
0.0697157
0.0562199
0.0854924
0.0561721
0.0311782
0.0915648
0.052229
0.207555
0.126782
0.012928
0.0415441
0.135302
0.0125816
0.0601952
0.171426
0.04367
0.152786
0.0822147
0.0479083
0.0954843
0.0479505
0.126648
0.0320829
0.103711
0.0323567
0.165092
0.0379506
0.0567558
0.00596927
0.0813972
0.0760787
0.121795
0.0619911
0.0273284
0.0544408
0.0886186
0.140086
0.0516035
0.122698
0.096038
0.0455224
0.0471402
0.0120935
0.152147
0.102033
0.0216402
0.0402769
0.133035
0.11964
0.101272
0.107996
0.104343
0.026448
0.0351223
0.100694
0.0853537
0.0190306
0.0190582
0.045385
0.121985
0.05846
0.0404042
0.103836
0.0486738
0.0164303
0.0461664
0.0560619
0.122379
0.11798
0.0877998
0.0552284
0.0658361
0.115264
0.011238
0.138543
0.0411099
0.1272
0.0248798
0.0866497
0.074761
0.0681051
0.119199
0.0719757
0.136177
0.107134
0.0278973
0.0926561
0.165438
0.0360549
0.0868597
0.0229741
0.0910379
0.0428194
0.0411941
0.0475689
0.0421366
0.0870711
0.0075125
0.00165535
0.0739353
0.0961532
0.0236285
0.0126938
0.0961829
0.0473497
0.0216373
0.0947491
0.0899863
0.0223838
0.0720304
0.0595162
0.0716091
0.0546801
0.0751255
0.0108023
0.0333719
0.0516573
0.0707515
0.0821947
0.0947921
0.0240044
0.191243
0.0289391
0.0328435
0.0797339
0.120723
0.0734479
0.111145
0.150023
0.0423934
0.0192704
0.112134
0.184915
0.019945
0.0298548
0.114425
0.0614499
0.218532
0.113363
0.0207249
0.0978163
0.108441
0.0748745
0.0192166
0.0742053
0.18206
0.0224773
0.14234
0.143226
0.180735
0.146471
0.0831026
0.0775948
0.0970223
0.058205
0.0182967
0.0816431
0.128212
0.0410182
0.0770881
0.00983303
0.15883
0.0417028
0.100567
0.163155
0.10156
0.0406674
0.0196741
0.114874
0.0646894
0.0133153
0.00526134
0.045203
0.0586505
0.125795
0.0782736
0.0319344
0.0902386
0.0358612
0.115423
0.0799399
0.00563806
0.0373806
0.179468
0.026439
0.0453796
0.093857
0.00428851
0.056786
0.166173
0.0658682
0.0826708
0.167515
0.0287908
0.00258011
0.0232763
0.136818
0.0175834
0.172224
0.118555
0.00869407
0.0752986
0.0565023
0.160343
0.0826923
0.0351982
0.0578478
0.0919275
0.0622249
0.130784
0.00584572
0.19506
0.0665732
0.0129099
0.0148079
0.0852699
0.0865896
0.000749896
0.132203
0.15327
0.0856819
0.0225281
0.198197
0.190919
0.0541632
0.115137
0.0508504
0.0940475
0.138765
0.168368
0.0739352
0.0999693
0.00380048
0.193093
0.110516
0.178865
0.129023
0.164727
0.107219
0.0565642
0.0380658
0.0236215
0.0160892
0.0263128
0.0393871
0.0919837
0.0457993
0.014235
0.0310416
0.003235
0.116166
0.0479149
0.0117279
0.12676
0.0420154
0.0532495
0.0374176
0.124183
0.128999
0.024819
0.0315242
0.0427633
0.193995
0.100289
0.0287347
0.009264
0.10121
0.137762
0.221946
0.0111724
0.0506041
0.0384589
0.0342349
0.106356
0.0808302
0.0717596
0.108535
0.212225
0.105008
0.0401036
0.146186
0.185846
0.0304813
0.126072
0.0130532
0.0977972
0.115754
0.0954959
0.0991865
0.117303
0.0500941
0.0323801
0.0186399
0.0639069
0.205416
0.0971879
0.113557
0.145156
0.167956
0.0628385
0.177234
0.0843515
0.15811
0.00911764
0.0265695
0.0687657
0.0770887
0.0895526
0.0713913
0.137466
0.106658
0.111958
0.0601343
0.162581
0.0167692
0.163621
0.017423
0.0976626
0.118555
0.136422
0.0968131
0.0242162
0.0455952
0.20368
0.0941785
0.0939761
0.0315575
0.123827
0.158498
0.125339
0.112438
0.043101
0.067013
0.109351
0.0470592
0.0198996
0.0607505
0.0367281
0.0591122
0.195967
0.0696326
0.128058
0.130181
0.170807
0.0666539
0.0297203
0.127827
0.0653975
0.0535073
0.0588546
0.122391
0.0716851
0.0850142
0.146946
0.202697
0.0870217
0.0404854
0.0730812
0.0327239
0.0656899
0.0166284
0.0488837
0.0452465
0.0781185
0.12366
0.0597739
0.0137013
0.219859
0.0340736
0.0306927
0.180316
0.0664549
0.119437
0.0171316
0.0711289
0.159295
0.119822
0.0810687
0.0538733
0.0661099
0.0832678
0.0497929
0.00643727
0.153112
0.0852499
0.0942685
0.00377569
0.0554877
0.0152338
0.108672
0.00885566
0.00413448
0.130166
0.104212
0.106523
0.0574248
0.0467881
0.10709
0.0672896
0.0568153
0.123518
0.115628
0.0946281
0.0595857
0.0446144
0.0379814
0.03335
0.06931
0.0870461
0.0541878
0.122023
0.153634
0.0327425
0.00921192
0.145905
0.0659496
0.00469088
0.0373222
0.0317073
0.00178723
0.136124
0.0600573
0.0898124
0.0677795
0.0231473
0.0340584
0.0699579
0.167073
0.0773397
0.100789
0.00525774
0.0392367
0.0112879
0.137732
0.0350147
0.0620545
0.0754878
0.0188039
0.0349987
0.0811943
0.100745
0.021069
0.0411347
0.0324736
0.127283
0.0495895
0.0870427
0.0578226
0.0131699
0.0936701
0.0302038
0.06005
0.10448
0.065179
0.0980216
0.0444215
0.0615045
0.044254
0.07524
0.104096
0.0381374
0.0279072
0.0454114
0.108686
0.0689271
0.0942529
0.039069
0.124152
0.0879808
0.0505376
0.0784672
0.0565399
0.0472289
0.0485256
0.133736
0.0677296
0.188037
0.129325
0.0140721
0.0863201
0.0506349
0.0856863
0.132614
0.0769451
0.00448331
0.177363
0.00356265
0.157567
0.0727154
0.114127
0.0744603
0.0587932
0.0877322
0.125669
0.0421177
0.0260978
0.0614668
0.0329319
0.0696732
0.0700293
0.072721
0.0685473
0.0414345
0.0271638
0.0146499
0.0167421
0.0588517
0.100984
0.0257659
0.132164
0.107686
0.0703338
0.0345148
0.120264
0.191559
0.0771858
0.0759756
0.0622959
0.0549808
0.0788833
0.0420021
0.0625779
0.0883713
0.00847796
0.0169121
0.07974
0.104493
0.210675
0.0793395
0.00873764
0.109336
0.0968741
0.0468162
0.100318
0.0511101
0.0291017
0.115424
0.102407
0.0313912
0.0466605
0.0317858
0.00935554
0.101394
0.0659348
0.103185
0.0749239
0.0251278
0.0238715
0.0615564
0.0609318
0.0177119
0.0120639
0.170689
0.0850756
0.0671411
0.160322
0.0524238
0.0675356
0.0766792
0.173113
0.0636413
0.111833
0.0447624
0.127392
0.0660482
0.126272
0.019418
0.0579202
0.0859323
0.0847812
0.0728126
0.0479123
0.143855
0.066639
0.0322079
0.0885343
0.0607744
0.0929286
0.0384579
0.0310956
0.0594146
0.206213
0.0454967
0.0378262
0.0956558
0.0536643
0.192432
0.0462106
0.123399
0.00192798
0.0901543
0.120204
0.0532955
0.0480309
0.0403172
0.122864
0.00692303
0.0606136
0.0890377
0.063519
0.106973
0.0755979
0.1004
0.0499679
0.0888431
0.0965249
0.124674
0.0415258
0.123767
0.169137
0.109751
0.0519127
0.00168764
0.0958597
0.114576
0.0213214
0.150489
0.0678134
0.153145
0.168921
0.153213
0.0339374
0.0721614
0.156162
0.0165737
0.0134109
0.136104
0.0985318
0.038254
0.183416
0.0485671
0.0893581
0.0282674
0.0695353
0.10284
0.101427
0.0549879
0.0460398
0.115054
0.0483895
0.0642875
0.0136927
0.0554376
0.038923
0.0538162
0.183176
0.14148
0.0737843
0.121804
0.115869
0.0719285
0.143903
0.0312106
0.12669
0.0215641
0.0216495
0.0476791
0.060611
0.143952
0.102373
0.0680385
0.100837
0.151767
0.0983589
0.091866
0.0740421
0.0708409
0.0785255
0.113876
0.0871608
0.128699
0.0306528
0.0432674
0.0102262
0.0103066
0.0811575
0.0353028
0.0843127
0.00821945
0.0243967
0.0271395
0.154199
0.0555143
0.0548501
0.0955261
0.0119212
0.138002
0.0311767
0.0797708
0.026712
0.0962507
0.141861
0.0577293
0.0952694
0.123478
0.135718
0.0571332
0.0413382
0.191467
0.0732657
0.13599
0.0669223
0.00307964
0.109993
0.0560688
0.0280843
0.0892985
0.110164
0.0489971
0.0597434
0.163784
0.0632524
0.0437408
0.116952
0.100735
0.0950664
0.134261
0.0622012
0.0527831
0.110682
0.106037
0.0247982
0.0952297
0.154184
0.0933244
0.138459
0.0159702
0.120583
0.0205049
0.152471
0.133937
0.124577
0.00199488
0.0733298
0.0911183
0.0453662
0.112443
0.0680635
0.138941
0.0657179
0.177671
0.0238469
0.200149
0.0244047
0.131533
0.0752737
0.00610222
0.120354
0.142535
0.00698058
0.0326223
0.0898827
0.06549
0.169522
0.0949598
0.0508675
0.0339901
0.11095
0.0491041
0.0982847
0.0394629
0.142177
0.0840254
0.185084
0.0334336
0.0476117
0.031527
0.119793
0.171363
0.0635628
0.0269119
0.0809905
0.0993379
0.0315559
0.0620337
0.0503698
0.221469
0.150595
0.0878504
0.154144
0.0424538
0.0235355
0.111927
0.056464
0.0407245
0.0942769
0.0470419
0.072444
0.0597853
0.00362544
0.0711658
0.0720763
0.0498097
0.061628
0.103182
0.113707
0.0521823
0.13824
0.0232358
0.0462972
0.016552
0.0170767
0.0268903
0.0207495
0.0289544
0.0150716
0.00854024
0.191764
0.0477073
0.136713
0.0129981
0.102342
0.046344
0.0487139
0.0284282
0.0939291
0.132573
0.0489299
0.00604277
0.131976
0.142918
0.116104
0.0754287
0.0758776
0.138594
0.0224251
0.154487
0.186784
0.15477
0.0441795
0.0259358
0.137002
0.0726919
0.0346467
0.0653764
0.064401
0.159528
0.0161035
0.144496
0.0277229
0.0748532
0.0527549
0.0986207
0.0217874
0.0299337
0.112135
0.0512921
0.10499
0.00639365
0.0631289
0.00382659
0.048437
0.113311
0.0515263
0.0364994
0.088533
0.137331
0.153763
0.0464683
0.166091
0.155592
0.0413141
0.128897
0.110813
0.1162
0.0455086
0.0785222
0.0152867
0.0326094
0.157947
0.148258
0.0214953
0.0168654
0.0699646
0.0893915
0.105826
0.0332215
0.0545367
0.146323
0.076355
0.127911
0.13813
0.0768488
0.05935
0.0538348
0.0167074
0.0548081
0.0306219
0.0557824
0.0131347
0.0469911
0.0531151
0.0298197
0.0860575
0.0851153
0.151825
0.11238
0.0734903
0.0832419
0.112487
0.0961838
0.170408
0.095722
0.0454113
0.0525406
0.0553748
0.0319492
0.0240744
0.101286
0.0861746
0.109938
0.0456275
0.0339439
0.0988025
0.0432869
0.116652
0.0922512
0.101068
0.080053
0.0318432
0.0894547
0.0511184
0.0899315
0.00188358
0.0619297
0.0433337
0.0657049
0.0868159
0.0607378
0.0682624
0.0198394
0.0365048
0.0171018
0.213671
0.0757663
0.00279799
0.104015
0.00654447
0.122228
0.0586303
0.0139372
0.097002
0.0692862
0.16844
0.107723
0.0830086
0.0901704
0.113608
0.0347028
0.0410023
0.035782
0.116862
0.0416644
0.0495455
0.0861639
0.0849102
0.198899
0.0789131
0.0723797
0.0837007
0.0812265
0.00297283
0.129774
0.0606788
0.0111782
0.130021
0.0812989
0.0580018
0.027275
0.129903
0.0415959
0.161617
0.0152778
0.0175568
0.0550668
0.0933832
0.00963732
0.118432
0.0507604
0.138138
0.172762
0.0422091
0.135066
0.00919343
0.153841
0.0320743
0.0527788
0.00982615
0.00615128
0.137953
0.0758845
0.120108
0.0444806
0.0404548
0.0923046
0.0173037
0.0597397
0.0304392
0.0637336
0.114572
0.033276
0.0855197
0.117043
0.0896061
0.0571533
0.0105882
0.0937149
0.179544
0.0429909
0.0384789
0.178098
0.064615
0.0918467
0.0299384
0.068479
0.0341248
0.0196908
0.0326158
0.0444288
0.0504998
0.0555838
0.0146678
0.0103708
0.111343
0.108042
0.0612528
0.0089196
0.102582
0.130632
0.147656
0.194328
0.0526027
0.145723
0.00680922
0.0719307
0.0281061
0.0939304
0.167014
0.131461
0.173692
0.0387269
0.129101
0.103856
0.170465
0.028212
0.180508
0.0123718
0.111679
0.108828
0.0145344
0.083269
0.119056
0.00788644
0.05468
0.0749337
0.0428979
0.151139
0.076696
0.0437854
0.104971
0.00718112
0.0103481
0.0249939
0.0404943
0.140308
0.0314484
0.0338195
0.154301
0.0296625
0.0465632
0.0127559
0.0108424
0.0560073
0.0603051
0.039626
0.0743604
0.0988727
0.0242683
0.0283752
0.0300699
0.135
0.0773486
0.0422784
0.189443
0.149143
0.0877132
0.197911
0.0683553
0.108825
0.126172
0.0150335
0.158889
0.0255302
0.0151821
0.105821
0.106283
0.0140001
0.0706621
0.109555
0.0461606
0.0414047
0.0340472
0.146383
0.0832804
0.0812594
0.0457639
0.0964839
0.136146
0.043472
0.0770927
0.0908329
0.0938483
0.101148
0.0425932
0.0498002
0.0175541
0.0466339
0.14575
0.0913326
0.0727403
0.100176
0.0224289
0.0736939
0.0156358
0.021176
0.0460144
0.0850169
0.195021
0.0134826
0.0731802
0.117388
0.0561371
0.0679295
0.178017
0.0635148
0.0922061
0.0389264
0.0937812
0.0602425
0.00583579
0.0976722
0.0587012
0.0408965
0.0263301
0.0144869
0.0583137
0.0550617
0.0719497
0.00508908
0.17699
0.15147
0.114923
0.0491339
0.0222003
0.0452007
0.0963995
0.115595
0.0266554
0.0264042
0.0742829
0.165656
0.152633
0.137589
0.0752923
0.056118
0.0930508
0.0475134
0.137477
0.0282829
0.0360626
0.159074
0.0567409
0.209024
0.131591
0.04986
0.175154
0.098423
0.14136
0.102139
0.094086
0.071377
0.0384165
0.0824676
0.20688
0.204825
0.125471
0.155667
0.0458663
0.0118147
0.0885759
0.0175869
0.0483371
0.0898171
0.0262844
0.00643157
0.0763939
0.0212406
0.162394
0.0502057
0.0628088
0.136845
0.032976
0.0851834
0.0410869
0.0435802
0.0139197
0.0473487
0.0192794
0.10539
0.121829
0.13949
0.120261
0.0831767
0.0522604
0.144233
0.0134959
0.138338
0.108002
0.143415
0.0323438
0.0163094
0.0153511
0.0236089
0.157617
0.152415
0.021331
0.0192221
0.0620391
0.159569
0.0377624
0.109909
0.0986497
0.155527
0.0831761
0.0842931
0.0629699
0.113682
0.0382724
0.0294773
0.0236109
0.10757
0.128473
0.164869
0.0651259
0.0845749
0.0984078
0.0405931
0.0823289
0.0702935
0.0609395
0.033205
0.0621181
0.0436391
0.13342
0.0758587
0.0137545
0.0866328
0.18309
0.0846519
0.0607297
0.052914
0.0924924
0.0284874
0.0282689
0.0137466
0.169025
0.0459243
0.0558886
0.025609
0.0389895
0.0230046
0.0795766
0.0648347
0.0163484
0.0664187
0.121309
0.0800528
0.038285
0.190962
0.107392
0.171858
0.0926636
0.0529978
0.0508573
0.06879
0.0590429
0.0837269
0.0510734
0.0365489
0.0673264
0.0958512
0.172353
0.0328408
0.0714154
0.146323
0.0642103
0.119906
0.223536
0.092858
0.186328
0.0536049
0.178313
0.112948
0.0341876
0.0549605
0.00342887
0.101769
0.0738236
0.0812701
0.141289
0.00557143
0.0625152
0.189235
0.0761516
0.119977
0.0640807
0.0134348
0.025494
0.0977261
0.199399
0.028216
0.0182981
0.0339825
0.0340998
0.115899
0.0195879
0.160141
0.00403188
0.0651759
0.00775995
0.00736317
0.140854
0.0234537
0.0215505
0.154289
0.134339
0.107984
0.0312945
0.0130048
0.0603038
0.122065
0.0545693
0.0751281
0.0742497
0.0555531
0.137376
0.0121214
0.186729
0.0521198
0.0692536
0.0900824
0.150278
0.0918691
0.104312
0.0907455
0.054521
0.0598869
0.0980895
0.0673595
0.169526
0.15283
0.20277
0.0489049
0.0399508
0.103984
0.086702
0.0550702
0.13327
0.0357222
0.0706527
0.0880787
0.119528
0.0857781
0.0510224
0.0641931
0.0678442
0.0353526
0.0531826
0.0596312
0.118434
0.155488
0.163898
0.107974
0.0333477
0.0580567
0.0701941
0.103228
0.0400636
0.0533418
0.0849576
0.0463937
0.167146
0.131085
0.04073
0.00434309
0.00411285
0.0863861
0.0156757
0.0719783
0.0184292
0.141822
0.106751
0.0760739
0.103567
0.0715036
0.124185
0.107802
0.07647
0.0692153
0.118533
0.05165
0.0768333
0.126771
0.0252452
0.187643
0.167392
0.0681578
0.0152839
0.173168
0.20918
0.0593724
0.0650073
0.0126346
0.0847387
0.0524697
0.103953
0.0216688
0.130288
0.103478
0.0721982
0.0575328
0.00669046
0.0534291
0.0809017
0.0612578
0.0924664
0.0264087
0.0912668
0.0849123
0.0180042
0.0606631
0.0511434
0.0587469
0.20406
0.130503
0.218961
0.163698
0.149611
0.0999648
0.0372622
0.066599
0.00286432
0.033097
0.189184
0.051969
0.0612889
0.0398666
0.0129456
0.138649
0.158038
0.0781737
0.00759297
0.126487
0.0180617
0.0358107
0.0202345
0.0239812
0.137173
0.0150429
0.0502343
0.0275186
0.118682
0.0661838
0.0685439
0.0837587
0.0799227
0.0489108
0.0604068
0.0306296
0.0244331
0.0924163
0.0930629
0.0578743
0.026638
0.05555
0.109569
0.0149465
0.0149276
0.152581
0.112314
0.010679
0.128369
0.0973506
0.042105
0.00971255
0.0954366
0.0465158
0.0735527
0.208154
0.0596145
0.132723
0.206327
0.0498708
0.0355199
0.0114414
0.0634582
0.0232924
0.105598
0.191741
0.133292
0.0748009
0.0137201
0.07688
0.0243431
0.0625081
0.0527237
0.0675651
0.148639
0.11116
0.0894344
0.0746966
0.0448695
0.063035
0.0049952
0.0743425
0.0263546
0.0741141
0.0308235
0.185349
0.0211049
0.104823
0.105415
0.00609874
0.0433157
0.176069
0.17876
0.155279
0.187615
0.0594877
0.0159328
0.208617
0.0072209
0.1176
0.0291056
0.0299092
0.0577571
0.219843
0.179913
0.0879609
0.0609244
0.126683
0.0426771
0.102457
0.107087
0.0372486
0.0711239
0.0483588
0.135281
0.0654992
0.0932067
0.172924
0.0479628
0.0469623
0.0907901
0.0340843
0.104106
0.0834207
0.0306055
0.0121801
0.180953
0.151578
0.112553
0.0216672
0.0445151
0.0419251
0.00856827
0.0457909
0.090546
0.0934913
0.0198402
0.0259329
0.149838
0.124791
0.211408
0.0717094
0.0539528
0.0361312
0.112757
0.150402
0.021567
0.017096
0.158829
0.0382716
0.0571025
0.0519099
0.069853
0.126104
0.00186208
0.0325073
0.11378
0.0201206
0.0812227
0.0337791
0.0753239
0.0895371
0.0578194
0.143065
0.122536
0.0875439
0.10976
0.0508067
0.109752
0.160777
0.0485142
0.172802
0.0776943
0.0942775
0.159279
0.0684459
0.190892
0.155056
0.0732169
0.0216433
0.134061
0.0252221
0.122233
0.118245
0.117199
0.0804501
0.151266
0.0736292
0.108804
0.0163168
0.029003
0.134345
0.0544996
0.162589
0.0740308
0.0815249
0.0933108
0.0875784
0.0202145
0.0563781
0.0716474
0.140289
0.0516361
0.0466904
0.16581
0.131174
0.0717498
0.167541
0.114253
0.0259153
0.112497
0.00495236
0.0249105
0.0236238
0.0747289
0.135964
0.0896318
0.0728564
0.0283396
0.0383381
0.029337
0.0756477
0.177172
0.0333575
0.0112964
0.0494191
0.083022
0.157621
0.0479511
0.166428
0.0904639
0.136539
0.102387
0.0471746
0.124716
0.0128437
0.0693252
0.145092
0.0768226
0.126909
0.11399
0.0304471
0.0591439
0.0618867
0.0307224
0.021038
0.0625886
0.0343677
0.0727229
0.121697
0.0242413
0.0700918
0.0926137
0.207665
0.0602567
0.00630574
0.0872449
0.0594091
0.0172381
0.142982
0.0734938
0.00200878
0.068107
0.151226
0.027464
0.159874
0.0960071
0.120451
0.0620181
0.108549
0.0724809
0.175253
0.0981207
0.0591038
0.0292636
0.0850598
0.0608173
0.0236163
0.014435
0.0835923
0.0264729
0.0452134
0.147599
0.103702
0.0430819
0.0973963
0.0990488
0.0990988
0.0128636
0.137158
0.105033
0.208084
0.0703277
0.0589915
0.163891
0.0344618
0.108627
0.147228
0.187803
0.0307447
0.0509038
0.0248013
0.0583674
0.0524671
0.0385414
0.0381475
0.0420953
0.100705
0.100935
0.0161573
0.0960828
0.0443011
0.0974945
0.0597978
0.0252397
0.0819528
0.00371114
0.132483
0.128156
0.0658569
0.11681
0.192293
0.149159
0.109947
0.0191366
0.0903507
0.0763547
0.0506312
0.119429
0.0441507
0.0121757
0.00743264
0.040755
0.0564718
0.17122
0.0439446
0.180644
0.0750401
0.0232011
0.109329
0.110515
0.0975186
0.0124799
0.203813
0.0349227
0.0148874
0.0431698
0.00294029
0.0216883
0.0536818
0.0849284
0.108557
0.0154728
0.0753226
0.0887772
0.110891
0.0506561
0.0944097
0.135922
0.0160933
0.115696
0.0387128
0.0869937
0.107333
0.0919274
0.152616
0.0705521
0.0124823
0.0378082
0.115361
0.136105
0.0738491
0.0459114
0.136208
0.0395565
0.121043
0.0677255
0.00216221
0.171515
0.0553295
0.0596182
0.141341
0.0703312
0.0755163
0.1595
0.0593059
0.0827155
0.0533746
0.0511191
0.0308422
0.105579
0.121126
0.0482794
0.10241
0.135061
0.0706967
0.160388
0.150853
0.0848329
0.0178665
0.0537458
0.061681
0.0873992
0.0673118
0.0641546
0.0449977
0.0286425
0.141617
0.0553959
0.0216859
0.097472
0.150391
0.0316956
0.00465729
0.199454
0.0824597
0.0298508
0.0143886
0.130288
0.0667289
0.177172
0.133345
0.138194
0.0556507
0.168267
0.0133985
0.0505089
0.174137
0.0182224
0.210927
0.038921
0.054673
0.138274
0.0379083
0.204351
0.13643
0.0880844
0.124613
0.0460265
0.0352374
0.0639775
0.0575438
0.0159198
0.0900688
0.171142
0.0811403
0.024402
0.0526943
0.194944
0.00198686
0.0427812
0.0732478
0.119387
0.0240788
0.144877
0.00690526
0.0382563
0.223895
0.0694039
0.00824779
0.0683691
0.0722266
0.102171
0.0596976
0.0338493
0.020102
0.039022
0.0823532
0.127791
0.16168
0.141149
0.0243397
0.0525059
0.0740775
0.0667105
0.0425483
0.00240231
0.073584
0.0953078
0.118038
0.00439921
0.114829
0.052157
0.036395
0.133358
0.0674824
0.166884
0.119759
0.0624802
0.125968
0.00603823
0.12813
0.120156
0.0511254
0.042499
0.0151927
0.109483
0.0188148
0.132583
0.126023
0.179932
0.0469545
0.0173086
0.0674037
0.0861557
0.106846
0.0355442
0.0261514
0.112447
0.114439
0.138818
0.039502
0.0814972
0.0144414
0.0288318
0.0155938
0.121034
0.116566
0.0765467
0.114932
0.0596706
0.0770442
0.0181457
0.065114
0.135777
0.0366851
0.0250056
0.0676309
0.157491
0.069405
0.0582287
0.0573557
0.138275
0.129475
0.160909
0.0669503
0.120166
0.0199946
0.149509
0.0229697
0.104557
0.148642
0.110472
0.153511
0.0423668
0.131923
0.0933967
0.0494171
0.0370989
0.132286
0.094017
0.13857
0.0669771
0.0444794
0.0388722
0.0821467
0.0622538
0.0401797
0.0154846
0.0689998
0.175043
0.145576
0.081763
