0.0708913
0.134805
0.129711
0.0459351
0.204473
0.114499
0.0798577
0.0673863
0.135781
0.191216
0.116524
0.0925337
0.0120317
0.0629896
0.0438919
0.03094
0.01115
0.0916796
0.21075
0.0613734
0.0439627
0.020274
0.107682
0.0109113
0.0645692
0.0410559
0.0599678
0.068192
0.120295
0.0964179
0.0335045
0.11252
0.0376087
0.196552
0.116148
0.0820798
0.177606
0.0620911
0.103557
0.109226
0.209098
0.0626658
0.0409023
0.0120826
0.0214951
0.171756
0.0125999
0.0643237
0.0961015
0.0857895
0.114461
0.0528115
0.168932
0.022207
0.0373141
0.178259
0.184078
0.097384
0.169762
0.0894794
0.0300853
0.00317192
0.059659
0.122923
0.00396026
0.202607
0.0467811
0.114318
0.0871181
0.166294
0.0265608
0.144896
0.191456
0.0103436
0.0756386
0.102736
0.0558673
0.0628703
0.0793284
0.113709
0.0378727
0.0920875
0.157484
0.12152
0.00853402
0.0547386
0.00801167
0.129876
0.0749948
0.0798383
0.0847945
0.0165808
0.0587701
0.0841471
0.0215939
0.0590528
0.152087
0.150203
0.091291
0.0814357
0.0737157
0.120305
0.169287
0.0354606
0.114838
0.0907142
0.0553395
0.049572
0.00552813
0.0643019
0.105076
0.0221906
0.0336984
0.148108
0.172948
0.0470023
0.0797774
0.0739267
0.0787675
0.0229748
0.0325452
0.0924522
0.0446521
0.0431553
0.171177
0.00989544
0.0426448
0.10586
0.0445117
0.144322
0.0629575
0.0106746
0.0979655
0.0687946
0.0795108
0.0595266
0.050553
0.183714
0.0579917
0.141212
0.168152
0.0657587
0.14703
0.0597653
0.19982
0.0662735
0.20317
0.0750761
0.0965144
0.00740425
0.0670101
0.0416073
0.0544148
0.104704
0.134886
0.054597
0.0195172
0.0683644
0.0292283
0.213317
0.0562229
0.135875
0.127918
0.144979
0.154894
0.0372188
0.181089
0.148492
0.214977
0.0920662
0.112594
0.0863905
0.0690267
0.156502
0.00640858
0.12099
0.0958504
0.0369145
0.15304
0.0357127
0.0573153
0.119829
0.0797979
0.0605042
0.0183291
0.0649275
0.198686
0.00777252
0.105768
0.0116656
0.0642019
0.0970943
0.102211
0.0702265
0.0619891
0.0329282
0.11936
0.0331186
0.100147
0.0701593
0.0263934
0.0426253
0.0120792
0.122938
0.153424
0.0987889
0.0279003
0.0696074
0.0268663
0.0071074
0.0328944
0.068062
0.202575
0.123519
0.0865688
0.0190972
0.0643375
0.139015
0.00285105
0.0892734
0.0415848
0.142578
0.0844262
0.098981
0.123104
0.0440966
0.00307663
0.0103687
0.113207
0.0606818
0.0903634
0.00825445
0.0552186
0.0740913
0.0525043
0.0801392
0.0375272
0.12005
0.106487
0.123338
0.0598966
0.00605701
0.0646184
0.0229817
0.0620795
0.146974
0.105657
0.063548
0.0955464
0.125069
0.158198
0.0400046
0.0408643
0.0488884
0.162231
0.0660687
0.0499973
0.0671984
0.061595
0.182932
0.0149615
0.0204646
0.0632863
0.0528867
0.0505443
0.0866019
0.179193
0.067599
0.060071
0.0522665
0.159615
0.0580721
0.227068
0.0126898
0.159358
0.0133297
0.144299
0.164129
0.0643745
0.0157884
0.148146
0.0829423
0.055515
0.065053
0.0923144
0.0250637
0.0932604
0.0892149
0.0775147
0.106495
0.0157336
0.0999498
0.209429
0.0483371
0.0308357
0.0912175
0.0787649
0.0319743
0.137387
0.0594413
0.0869803
0.0441646
0.0470076
0.0751784
0.103872
0.0196008
0.0454063
0.107939
0.0505685
0.0546718
0.051012
0.0791362
0.0205579
0.0125226
0.0114049
0.125837
0.0276927
0.0283142
0.0369652
0.0814932
0.0715358
0.0645844
0.210619
0.059612
0.0520495
0.0630355
0.0394631
0.0259021
0.0817251
0.0640042
0.0679363
0.167184
0.0725457
0.133638
0.00412877
0.148184
0.015526
0.0297167
0.0641821
0.0524128
0.105737
0.127064
0.019736
0.0693045
0.152275
0.0333888
0.0562892
0.156164
0.111573
0.213352
0.0251703
0.0185649
0.0229363
0.102501
0.0675609
0.129419
0.0653751
0.173788
0.11494
0.00397857
0.0411653
0.0211061
0.0568107
0.149878
0.208726
0.0830288
0.0159588
0.0354115
0.10736
0.112917
0.154017
0.0527083
0.131724
0.0302478
0.0748205
0.0605228
0.0871299
0.0258079
0.187031
0.142034
0.0420455
0.0364272
0.0527114
0.0377956
0.0587389
0.0408406
0.115537
0.0679554
0.0514389
0.0420563
0.0192756
0.0487926
0.107298
0.0194598
0.0443641
0.0223056
0.0809436
0.023347
0.0283308
0.00593821
0.120148
0.0326779
0.145552
0.0243897
0.198714
0.11783
0.0458217
0.18289
0.00889427
0.180196
0.0311061
0.149914
0.204275
0.0120859
0.0719756
0.148277
0.0433029
0.0835603
0.0143607
0.00703315
0.0166004
0.147638
0.0929967
0.0721763
0.0996446
0.0439551
0.0340495
0.0332241
0.0137264
0.0815097
0.152174
0.0403275
0.013694
0.0643162
0.0402187
0.17971
0.0179515
0.125641
0.0540727
0.0547736
0.017314
0.0105619
0.192531
0.0122485
0.0763993
0.0112951
0.0432593
0.154451
0.167494
0.200295
0.0317194
0.0842219
0.0454091
0.0348884
0.168959
0.0359268
0.183554
0.0960343
0.0915634
0.0882834
0.0286385
0.0219895
0.0887474
0.0568989
0.0553005
0.0462983
0.00244481
0.0865889
0.150428
0.0282312
0.0504678
0.131716
0.143074
0.125381
0.00913072
0.0902471
0.123417
0.162075
0.135784
0.116168
0.0771175
0.0313067
0.0738402
0.0140579
0.0266508
0.0142594
0.0542056
0.0864497
0.207259
0.0719404
0.0354698
0.0424512
0.153435
0.12658
0.0700163
0.0316958
0.0140712
0.113931
0.00202429
0.07065
0.0854495
0.00477649
0.100765
0.0968308
0.0893475
0.158462
0.198028
0.0940548
0.119789
0.0216415
0.179754
0.0533612
0.0891133
0.196127
0.0331304
0.118659
0.041566
0.0638816
0.205219
0.0132054
0.0747968
0.0614712
0.0300981
0.0464526
0.0392949
0.0713708
0.033783
0.0331339
0.0527442
0.160542
0.0303382
0.0761568
0.0400153
0.151281
0.00592409
0.0392345
0.0321928
0.136426
0.058588
0.00834492
0.0721202
0.0580819
0.0584173
0.105764
0.0871767
0.00909462
0.113256
0.0659327
0.0609779
0.0242834
0.00868748
0.0359636
0.0778024
0.102168
0.0254222
0.0749614
0.0210394
0.0263133
0.0666192
0.056058
0.145521
0.00752615
0.160122
0.0433118
0.216874
0.0585692
0.149194
0.0348106
0.0154038
0.146452
0.130188
0.132847
0.0931202
0.0579536
0.0919092
0.111023
0.0201724
0.191876
0.0281581
0.0142604
0.0246384
0.0542377
0.0642991
0.0936043
0.0955439
0.00597928
0.13332
0.168399
0.16425
0.0762286
0.0318633
0.122336
0.0790329
0.121306
0.0941667
0.0863331
0.0356861
0.0372775
0.0391772
0.054317
0.0339899
0.0428182
0.107358
0.0607035
0.0470863
0.0501469
0.148581
0.0270842
0.00297521
0.0686298
0.125128
0.0344075
0.0691251
0.0585664
0.0575708
0.0971024
0.164175
0.0599994
0.0542356
0.0694564
0.210904
0.0587628
0.109175
0.0316698
0.138645
0.189969
0.0489003
0.0631545
0.184146
0.137878
0.0491331
0.0789353
0.0904682
0.215916
0.0216063
0.0414731
0.0584036
0.11293
0.0704733
0.0489342
0.12535
0.0725031
0.0794933
0.00446393
0.11838
0.114993
0.0665235
0.12703
0.0832967
0.0390302
0.0169325
0.0350576
0.0561911
0.180736
0.128561
0.0683638
0.00434647
0.039548
0.0925745
0.0288325
0.0796654
0.126181
0.0163178
0.0613055
0.0475431
0.0126045
0.0643627
0.0319309
0.0535208
0.066888
0.0152738
0.0681447
0.198032
0.0395871
0.12056
0.0519584
0.0343544
0.0853459
0.0320225
0.08046
0.0218918
0.118107
0.0315023
0.0994798
0.0814206
0.135616
0.136602
0.0121005
0.0376675
0.0664078
0.104222
0.0625277
0.071548
0.0669546
0.0211724
0.0440753
0.117511
0.049506
0.129204
0.0729848
0.0885897
0.0216127
0.0753315
0.205324
0.0947097
0.0532256
0.0233312
0.0328208
0.0164064
0.0825803
0.0819747
0.107682
0.149011
0.0432385
0.121709
0.00736094
0.150292
0.0283561
0.0630617
0.109806
0.0502391
0.0143444
0.0932711
0.0909175
0.0134039
0.184483
0.108011
0.0217968
0.0171496
0.145662
0.022011
0.026389
0.0512902
0.128997
0.10433
0.116837
0.0559239
0.042176
0.0223075
0.0313289
0.0135537
0.038635
0.101585
0.0687784
0.0317512
0.0580339
0.100506
0.0660847
0.162228
0.190731
0.0390137
0.0108278
0.12766
0.156758
0.0606558
0.032322
0.0703424
0.0143503
0.0714669
0.0425701
0.0296018
0.0400917
0.0412453
0.160832
0.018182
0.0286077
0.170552
0.0721115
0.0437232
0.032282
0.0618355
0.056128
0.112754
0.126982
0.05143
0.141745
0.0605129
0.00280774
0.0184446
0.137703
0.0510381
0.0100334
0.0705418
0.019972
0.0284113
0.0117526
0.0523368
0.152869
0.0457211
0.0121244
0.109396
0.0232377
0.0595849
0.158487
0.0623035
0.0679272
0.204543
0.182111
0.0240077
0.00895424
0.0915884
0.105223
0.0146191
0.0838872
0.0674456
0.0196234
0.084286
0.100021
0.0390063
0.0219265
0.0615532
0.0130233
0.182084
0.00160744
0.0076568
0.0188579
0.136727
0.061632
0.140733
0.175718
0.125922
0.117182
0.180947
0.114686
0.112903
0.069905
0.0586065
0.00897925
0.201286
0.0300856
0.167237
0.0239818
0.139127
0.0965479
0.0266943
0.213132
0.0686116
0.0474535
0.00135618
0.146799
0.186278
0.141155
0.0330571
0.0970925
0.195965
0.100822
0.121615
0.0853158
0.18234
0.0752799
0.132704
0.158247
0.122436
0.0205506
0.0912874
0.0653466
0.0597698
0.0807016
0.016839
0.0342808
0.0284496
0.0150171
0.113068
0.177656
0.0154824
0.0948189
0.0884347
0.0537551
0.165564
0.137279
0.0475154
0.0196694
0.0423702
0.113893
0.0502966
0.050214
0.0612569
0.127622
0.0620929
0.0869241
0.0563906
0.0529685
0.0582924
0.0212332
0.0229307
0.110289
0.152557
0.0558068
0.132461
0.117108
0.0461027
0.0730649
0.0221377
0.0655333
0.0528282
0.1956
0.0517452
0.0988104
0.0980841
0.0745478
0.103178
0.023989
0.175001
0.0236207
0.0285689
0.030053
0.0669036
0.0655409
0.0285191
0.0360323
0.159427
0.0440667
0.142275
0.0711417
0.0219256
0.0199025
0.179174
0.0152859
0.0828024
0.0520534
0.155322
0.0836236
0.0861916
0.0252966
0.115123
0.0659659
0.0193821
0.165529
0.00463892
0.0432352
0.107147
0.0565012
0.0738056
0.0302872
0.066102
0.0107757
0.151213
0.0288348
0.101108
0.139551
0.038396
0.0313634
0.0340667
0.0390762
0.131561
0.125753
0.0467411
0.093139
0.0607403
0.0833648
0.0759398
0.0692387
0.0451545
0.0130694
0.0136824
0.0810354
0.0124758
0.179675
0.093079
0.13568
0.0584548
0.0455939
0.0127572
0.0438567
0.195708
0.118819
0.0850277
0.136942
0.159804
0.0487245
0.117496
0.189231
0.112169
0.0529479
0.0350296
0.0778284
0.137347
0.0495638
0.197014
0.0830801
0.0969155
0.153595
0.059101
0.0299827
0.0306285
0.0312603
0.0977778
0.0770976
0.0939939
0.0922081
0.0562044
0.0185563
0.171449
0.123
0.141605
0.211034
0.0929358
0.132891
0.0692454
0.100624
0.0213324
0.137774
0.16775
0.133884
0.125508
0.0462664
0.0170498
0.0255816
0.17219
0.0226895
0.0194375
0.0447819
0.106922
0.134195
0.0332712
0.0613132
0.0528877
0.0713379
0.00970329
0.152075
0.0820594
0.0212513
0.0237568
0.0623602
0.0480871
0.158841
0.0801623
0.0637739
0.141456
0.0550204
0.10628
0.121894
0.160132
0.126375
0.100761
0.0620475
0.0286535
0.0740668
0.0498179
0.108747
0.00827927
0.10464
0.0359606
0.1442
0.126669
0.0839296
0.0106115
0.120241
0.18312
0.196952
0.117485
0.0598388
0.0895184
0.0264127
0.0140477
0.0726743
0.101351
0.0424931
0.0676768
0.096087
0.0626746
0.068586
0.155052
0.0140248
0.104587
0.0468187
0.0550768
0.167095
0.205102
0.0486751
0.0904712
0.0772969
0.0931718
0.090485
0.0731903
0.0669774
0.039326
0.00413299
0.0920659
0.070203
0.06517
0.110292
0.160694
0.00382317
0.0121907
0.0566616
0.00859512
0.0340155
0.0507752
0.121362
0.222
0.0176053
0.0508207
0.169866
0.0708913
0.134805
0.129711
0.0459351
0.204473
0.114499
0.0798577
0.0673863
0.135781
0.191216
0.116524
0.0925337
0.0120317
0.0629896
0.0438919
0.03094
0.01115
0.0916796
0.21075
0.0613734
0.0439627
0.020274
0.107682
0.0109113
0.0645692
0.0410559
0.0599678
0.068192
0.120295
0.0964179
0.0335045
0.11252
0.0376087
0.196552
0.116148
0.0820798
0.177606
0.0620911
0.103557
0.109226
0.209098
0.0626658
0.0409023
0.0120826
0.0214951
0.171756
0.0125999
0.0643237
0.0961015
0.0857895
0.114461
0.0528115
0.168932
0.022207
0.0373141
0.178259
0.184078
0.097384
0.169762
0.0894794
0.0300853
0.00317192
0.059659
0.122923
0.00396026
0.202607
0.0467811
0.114318
0.0871181
0.166294
0.0265608
0.144896
0.191456
0.0103436
0.0756386
0.102736
0.0558673
0.0628703
0.0793284
0.113709
0.0378727
0.0920875
0.157484
0.12152
0.00853402
0.0547386
0.00801167
0.129876
0.0749948
0.0798383
0.0847945
0.0165808
0.0587701
0.0841471
0.0215939
0.0590528
0.152087
0.150203
0.091291
0.0814357
0.0737157
0.120305
0.169287
0.0354606
0.114838
0.0907142
0.0553395
0.049572
0.00552813
0.0643019
0.105076
0.0221906
0.0336984
0.148108
0.172948
0.0470023
0.0797774
0.0739267
0.0787675
0.0229748
0.0325452
0.0924522
0.0446521
0.0431553
0.171177
0.00989544
0.0426448
0.10586
0.0445117
0.144322
0.0629575
0.0106746
0.0979655
0.0687946
0.0795108
0.0595266
0.050553
0.183714
0.0579917
0.141212
0.168152
0.0657587
0.14703
0.0597653
0.19982
0.0662735
0.20317
0.0750761
0.0965144
0.00740425
0.0670101
0.0416073
0.0544148
0.104704
0.134886
0.054597
0.0195172
0.0683644
0.0292283
0.213317
0.0562229
0.135875
0.127918
0.144979
0.154894
0.0372188
0.181089
0.148492
0.214977
0.0920662
0.112594
0.0863905
0.0690267
0.156502
0.00640858
0.12099
0.0958504
0.0369145
0.15304
0.0357127
0.0573153
0.119829
0.0797979
0.0605042
0.0183291
0.0649275
0.198686
0.00777252
0.105768
0.0116656
0.0642019
0.0970943
0.102211
0.0702265
0.0619891
0.0329282
0.11936
0.0331186
0.100147
0.0701593
0.0263934
0.0426253
0.0120792
0.122938
0.153424
0.0987889
0.0279003
0.0696074
0.0268663
0.0071074
0.0328944
0.068062
0.202575
0.123519
0.0865688
0.0190972
0.0643375
0.139015
0.00285105
0.0892734
0.0415848
0.142578
0.0844262
0.098981
0.123104
0.0440966
0.00307663
0.0103687
0.113207
0.0606818
0.0903634
0.00825445
0.0552186
0.0740913
0.0525043
0.0801392
0.0375272
0.12005
0.106487
0.123338
0.0598966
0.00605701
0.0646184
0.0229817
0.0620795
0.146974
0.105657
0.063548
0.0955464
0.125069
0.158198
0.0400046
0.0408643
0.0488884
0.162231
0.0660687
0.0499973
0.0671984
0.061595
0.182932
0.0149615
0.0204646
0.0632863
0.0528867
0.0505443
0.0866019
0.179193
0.067599
0.060071
0.0522665
0.159615
0.0580721
0.227068
0.0126898
0.159358
0.0133297
0.144299
0.164129
0.0643745
0.0157884
0.148146
0.0829423
0.055515
0.065053
0.0923144
0.0250637
0.0932604
0.0892149
0.0775147
0.106495
0.0157336
0.0999498
0.209429
0.0483371
0.0308357
0.0912175
0.0787649
0.0319743
0.137387
0.0594413
0.0869803
0.0441646
0.0470076
0.0751784
0.103872
0.0196008
0.0454063
0.107939
0.0505685
0.0546718
0.051012
0.0791362
0.0205579
0.0125226
0.0114049
0.125837
0.0276927
0.0283142
0.0369652
0.0814932
0.0715358
0.0645844
0.210619
0.059612
0.0520495
0.0630355
0.0394631
0.0259021
0.0817251
0.0640042
0.0679363
0.167184
0.0725457
0.133638
0.00412877
0.148184
0.015526
0.0297167
0.0641821
0.0524128
0.105737
0.127064
0.019736
0.0693045
0.152275
0.0333888
0.0562892
0.156164
0.111573
0.213352
0.0251703
0.0185649
0.0229363
0.102501
0.0675609
0.129419
0.0653751
0.173788
0.11494
0.00397857
0.0411653
0.0211061
0.0568107
0.149878
0.208726
0.0830288
0.0159588
0.0354115
0.10736
0.112917
0.154017
0.0527083
0.131724
0.0302478
0.0748205
0.0605228
0.0871299
0.0258079
0.187031
0.142034
0.0420455
0.0364272
0.0527114
0.0377956
0.0587389
0.0408406
0.115537
0.0679554
0.0514389
0.0420563
0.0192756
0.0487926
0.107298
0.0194598
0.0443641
0.0223056
0.0809436
0.023347
0.0283308
0.00593821
0.120148
0.0326779
0.145552
0.0243897
0.198714
0.11783
0.0458217
0.18289
0.00889427
0.180196
0.0311061
0.149914
0.204275
0.0120859
0.0719756
0.148277
0.0433029
0.0835603
0.0143607
0.00703315
0.0166004
0.147638
0.0929967
0.0721763
0.0996446
0.0439551
0.0340495
0.0332241
0.0137264
0.0815097
0.152174
0.0403275
0.013694
0.0643162
0.0402187
0.17971
0.0179515
0.125641
0.0540727
0.0547736
0.017314
0.0105619
0.192531
0.0122485
0.0763993
0.0112951
0.0432593
0.154451
0.167494
0.200295
0.0317194
0.0842219
0.0454091
0.0348884
0.168959
0.0359268
0.183554
0.0960343
0.0915634
0.0882834
0.0286385
0.0219895
0.0887474
0.0568989
0.0553005
0.0462983
0.00244481
0.0865889
0.150428
0.0282312
0.0504678
0.131716
0.143074
0.125381
0.00913072
0.0902471
0.123417
0.162075
0.135784
0.116168
0.0771175
0.0313067
0.0738402
0.0140579
0.0266508
0.0142594
0.0542056
0.0864497
0.207259
0.0719404
0.0354698
0.0424512
0.153435
0.12658
0.0700163
0.0316958
0.0140712
0.113931
0.00202429
0.07065
0.0854495
0.00477649
0.100765
0.0968308
0.0893475
0.158462
0.198028
0.0940548
0.119789
0.0216415
0.179754
0.0533612
0.0891133
0.196127
0.0331304
0.118659
0.041566
0.0638816
0.205219
0.0132054
0.0747968
0.0614712
0.0300981
0.0464526
0.0392949
0.0713708
0.033783
0.0331339
0.0527442
0.160542
0.0303382
0.0761568
0.0400153
0.151281
0.00592409
0.0392345
0.0321928
0.136426
0.058588
0.00834492
0.0721202
0.0580819
0.0584173
0.105764
0.0871767
0.00909462
0.113256
0.0659327
0.0609779
0.0242834
0.00868748
0.0359636
0.0778024
0.102168
0.0254222
0.0749614
0.0210394
0.0263133
0.0666192
0.056058
0.145521
0.00752615
0.160122
0.0433118
0.216874
0.0585692
0.149194
0.0348106
0.0154038
0.146452
0.130188
0.132847
0.0931202
0.0579536
0.0919092
0.111023
0.0201724
0.191876
0.0281581
0.0142604
0.0246384
0.0542377
0.0642991
0.0936043
0.0955439
0.00597928
0.13332
0.168399
0.16425
0.0762286
0.0318633
0.122336
0.0790329
0.121306
0.0941667
0.0863331
0.0356861
0.0372775
0.0391772
0.054317
0.0339899
0.0428182
0.107358
0.0607035
0.0470863
0.0501469
0.148581
0.0270842
0.00297521
0.0686298
0.125128
0.0344075
0.0691251
0.0585664
0.0575708
0.0971024
0.164175
0.0599994
0.0542356
0.0694564
0.210904
0.0587628
0.109175
0.0316698
0.138645
0.189969
0.0489003
0.0631545
0.184146
0.137878
0.0491331
0.0789353
0.0904682
0.215916
0.0216063
0.0414731
0.0584036
0.11293
0.0704733
0.0489342
0.12535
0.0725031
0.0794933
0.00446393
0.11838
0.114993
0.0665235
0.12703
0.0832967
0.0390302
0.0169325
0.0350576
0.0561911
0.180736
0.128561
0.0683638
0.00434647
0.039548
0.0925745
0.0288325
0.0796654
0.126181
0.0163178
0.0613055
0.0475431
0.0126045
0.0643627
0.0319309
0.0535208
0.066888
0.0152738
0.0681447
0.198032
0.0395871
0.12056
0.0519584
0.0343544
0.0853459
0.0320225
0.08046
0.0218918
0.118107
0.0315023
0.0994798
0.0814206
0.135616
0.136602
0.0121005
0.0376675
0.0664078
0.104222
0.0625277
0.071548
0.0669546
0.0211724
0.0440753
0.117511
0.049506
0.129204
0.0729848
0.0885897
0.0216127
0.0753315
0.205324
0.0947097
0.0532256
0.0233312
0.0328208
0.0164064
0.0825803
0.0819747
0.107682
0.149011
0.0432385
0.121709
0.00736094
0.150292
0.0283561
0.0630617
0.109806
0.0502391
0.0143444
0.0932711
0.0909175
0.0134039
0.184483
0.108011
0.0217968
0.0171496
0.145662
0.022011
0.026389
0.0512902
0.128997
0.10433
0.116837
0.0559239
0.042176
0.0223075
0.0313289
0.0135537
0.038635
0.101585
0.0687784
0.0317512
0.0580339
0.100506
0.0660847
0.162228
0.190731
0.0390137
0.0108278
0.12766
0.156758
0.0606558
0.032322
0.0703424
0.0143503
0.0714669
0.0425701
0.0296018
0.0400917
0.0412453
0.160832
0.018182
0.0286077
0.170552
0.0721115
0.0437232
0.032282
0.0618355
0.056128
0.112754
0.126982
0.05143
0.141745
0.0605129
0.00280774
0.0184446
0.137703
0.0510381
0.0100334
0.0705418
0.019972
0.0284113
0.0117526
0.0523368
0.152869
0.0457211
0.0121244
0.109396
0.0232377
0.0595849
0.158487
0.0623035
0.0679272
0.204543
0.182111
0.0240077
0.00895424
0.0915884
0.105223
0.0146191
0.0838872
0.0674456
0.0196234
0.084286
0.100021
0.0390063
0.0219265
0.0615532
0.0130233
0.182084
0.00160744
0.0076568
0.0188579
0.136727
0.061632
0.140733
0.175718
0.125922
0.117182
0.180947
0.114686
0.112903
0.069905
0.0586065
0.00897925
0.201286
0.0300856
0.167237
0.0239818
0.139127
0.0965479
0.0266943
0.213132
0.0686116
0.0474535
0.00135618
0.146799
0.186278
0.141155
0.0330571
0.0970925
0.195965
0.100822
0.121615
0.0853158
0.18234
0.0752799
0.132704
0.158247
0.122436
0.0205506
0.0912874
0.0653466
0.0597698
0.0807016
0.016839
0.0342808
0.0284496
0.0150171
0.113068
0.177656
0.0154824
0.0948189
0.0884347
0.0537551
0.165564
0.137279
0.0475154
0.0196694
0.0423702
0.113893
0.0502966
0.050214
0.0612569
0.127622
0.0620929
0.0869241
0.0563906
0.0529685
0.0582924
0.0212332
0.0229307
0.110289
0.152557
0.0558068
0.132461
0.117108
0.0461027
0.0730649
0.0221377
0.0655333
0.0528282
0.1956
0.0517452
0.0988104
0.0980841
0.0745478
0.103178
0.023989
0.175001
0.0236207
0.0285689
0.030053
0.0669036
0.0655409
0.0285191
0.0360323
0.159427
0.0440667
0.142275
0.0711417
0.0219256
0.0199025
0.179174
0.0152859
0.0828024
0.0520534
0.155322
0.0836236
0.0861916
0.0252966
0.115123
0.0659659
0.0193821
0.165529
0.00463892
0.0432352
0.107147
0.0565012
0.0738056
0.0302872
0.066102
0.0107757
0.151213
0.0288348
0.101108
0.139551
0.038396
0.0313634
0.0340667
0.0390762
0.131561
0.125753
0.0467411
0.093139
0.0607403
0.0833648
0.0759398
0.0692387
0.0451545
0.0130694
0.0136824
0.0810354
0.0124758
0.179675
0.093079
0.13568
0.0584548
0.0455939
0.0127572
0.0438567
0.195708
0.118819
0.0850277
0.136942
0.159804
0.0487245
0.117496
0.189231
0.112169
0.0529479
0.0350296
0.0778284
0.137347
0.0495638
0.197014
0.0830801
0.0969155
0.153595
0.059101
0.0299827
0.0306285
0.0312603
0.0977778
0.0770976
0.0939939
0.0922081
0.0562044
0.0185563
0.171449
0.123
0.141605
0.211034
0.0929358
0.132891
0.0692454
0.100624
0.0213324
0.137774
0.16775
0.133884
0.125508
0.0462664
0.0170498
0.0255816
0.17219
0.0226895
0.0194375
0.0447819
0.106922
0.134195
0.0332712
0.0613132
0.0528877
0.0713379
0.00970329
0.152075
0.0820594
0.0212513
0.0237568
0.0623602
0.0480871
0.158841
0.0801623
0.0637739
0.141456
0.0550204
0.10628
0.121894
0.160132
0.126375
0.100761
0.0620475
0.0286535
0.0740668
0.0498179
0.108747
0.00827927
0.10464
0.0359606
0.1442
0.126669
0.0839296
0.0106115
0.120241
0.18312
0.196952
0.117485
0.0598388
0.0895184
0.0264127
0.0140477
0.0726743
0.101351
0.0424931
0.0676768
0.096087
0.0626746
0.068586
0.155052
0.0140248
0.104587
0.0468187
0.0550768
0.167095
0.205102
0.0486751
0.0904712
0.0772969
0.0931718
0.090485
0.0731903
0.0669774
0.039326
0.00413299
0.0920659
0.070203
0.06517
0.110292
0.160694
0.00382317
0.0121907
0.0566616
0.00859512
0.0340155
0.0507752
0.121362
0.222
0.0176053
0.0508207
0.169866
0.108977
0.0189841
0.0933472
0.0864957
0.0567152
0.139115
0.16812
0.0227747
0.0397272
0.0252505
0.0376466
0.073539
0.1645
0.0722567
0.112954
0.0124692
0.0498671
0.0103135
0.035745
0.11379
0.0820762
0.0245444
0.0745141
0.0266821
0.0551502
0.114071
0.0361499
0.0514993
0.0412459
0.0842336
0.0943686
0.125601
0.0474905
0.0505762
0.00247274
0.0391391
0.08876
0.00708969
0.07925
0.0653327
0.148078
0.051718
0.0144078
0.0757042
0.0652814
0.0441687
0.169307
0.0321593
0.0623324
0.0769381
0.161602
0.0589371
0.0821951
0.102751
0.0823586
0.0449973
0.111769
0.0464743
0.0830797
0.118114
0.155497
0.083564
0.0187656
0.0410301
0.088082
0.00246363
0.0745315
0.0203493
0.0173668
0.0170238
0.143238
0.0507031
0.0576932
0.0970876
0.0324907
0.184815
0.059134
0.0872105
0.110731
0.0314201
0.00153162
0.0302248
0.0713946
0.0295611
0.073157
0.0606945
0.016661
0.0258974
0.0564855
0.0307148
0.212883
0.0686622
0.148477
0.0848504
0.0741209
0.00845661
0.128346
0.0639537
0.0293761
0.0869241
0.126689
0.00231978
0.0138206
0.0252719
0.12372
0.0348589
0.0597844
0.0373641
0.0491037
0.0393764
0.0905707
0.127496
0.0527135
0.0859476
0.0707717
0.10439
0.0601554
0.0428849
0.0149207
0.127008
0.00104111
0.0436929
0.0274841
0.0512552
0.128627
0.142388
0.063835
0.0463977
0.154667
0.058121
0.0480102
0.185992
0.208051
0.132266
0.15002
0.131445
0.0547667
0.022537
0.0418056
0.0258401
0.0918776
0.0727576
0.0191816
0.0111541
0.091939
0.0383571
0.0711223
0.150739
0.0392183
0.0882357
0.0907847
0.189909
0.0577226
0.0210321
0.0480674
0.101421
0.0252033
0.0966708
0.0389358
0.13548
0.0338538
0.0941253
0.0495762
0.170643
0.0657856
0.0596755
0.0329304
0.123578
0.0724103
0.166257
0.104671
0.101248
0.0897946
0.0552128
0.0830317
0.0127933
0.0889594
0.0308614
0.137731
0.064493
0.198555
0.0973933
0.0201017
0.0933203
0.124888
0.0126486
0.0753699
0.0405655
0.0483932
0.162844
0.0364551
0.00698393
0.122626
0.157065
0.0237696
0.00712727
0.144438
0.154583
0.1706
0.103504
0.160542
0.157421
0.108516
0.0504454
0.00163041
0.00471772
0.0234913
0.00939963
0.134131
0.113578
0.11006
0.188984
0.1358
0.0328174
0.0269192
0.0817588
0.122232
0.0519426
0.0487537
0.125986
0.0124557
0.0239308
0.0271869
0.0953163
0.0401947
0.0883132
0.0571106
0.0217379
0.147942
0.096338
0.100907
0.150518
0.145166
0.0816815
0.00421054
0.174784
0.0867513
0.0239224
0.0968543
0.0165674
0.0514248
0.0105255
0.173618
0.00268072
0.0685897
0.0909435
0.147871
0.0899629
0.020159
0.0302861
0.0116611
0.123053
0.10795
0.207662
0.0579792
0.0993003
0.0250636
0.173344
0.105287
0.0432181
0.124093
0.103418
0.212793
0.0697059
0.0472236
0.0633485
0.0549397
0.104851
0.0902216
0.112886
0.0217593
0.0797121
0.0884196
0.101665
0.0244488
0.0519128
0.0799742
0.0343119
0.111062
0.0782016
0.0448295
0.187619
0.10089
0.0882479
0.0390553
0.13072
0.0634577
0.173735
0.0163509
0.0164078
0.00669753
0.0571612
0.0211903
0.0408017
0.103678
0.0553077
0.0475673
0.0277525
0.131434
0.0476474
0.0837833
0.0286888
0.0231319
0.0188737
0.0209071
0.0940528
0.154585
0.168596
0.129509
0.110735
0.0133507
0.0531481
0.0724213
0.0650354
0.0436425
0.0800154
0.112444
0.0798969
0.0369847
0.0532047
0.041039
0.143378
0.0673735
0.000162697
0.0846325
0.0157231
0.0989996
0.0341415
0.14699
0.0185936
0.0112183
0.0240188
0.056547
0.0167232
0.122725
0.0144479
0.00713974
0.113625
0.0544518
0.0277919
0.128644
0.0464632
0.00870141
0.110181
0.170304
0.176249
0.0554463
0.0134553
0.101221
0.0845317
0.129156
0.0813371
0.0887277
0.0928997
0.103298
0.0310948
0.0461719
0.0284528
0.104406
0.0364755
0.0254593
0.00572809
0.0566031
0.138996
0.0713588
0.0309286
0.0406441
0.090651
0.0946129
0.15006
0.116046
0.0990167
0.134236
0.0399035
0.0395991
0.00196324
0.133195
0.094418
0.056756
0.0617256
0.0890856
0.0373136
0.1166
0.0748969
0.00855162
0.166289
0.100511
0.0990116
0.0755831
0.010026
0.132194
0.130367
0.0446543
0.0840542
0.0795081
0.203769
0.118203
0.143351
0.0764328
0.135478
0.05644
0.0841316
0.016359
0.022979
0.11048
0.208528
0.043622
0.0949591
0.0901725
0.0249918
0.106492
0.0424109
0.116377
0.0726477
0.193166
0.17626
0.0419315
0.0384582
0.0411828
0.051952
0.0558042
0.0973784
0.0364029
0.0267802
0.0410658
0.121725
0.0925741
0.153637
0.153446
0.11527
0.0401532
0.0763955
0.0728412
0.049154
0.074528
0.1042
0.134022
0.085839
0.130581
0.0889944
0.0103536
0.045958
0.0452661
0.0752919
0.0589774
0.0393568
0.0295407
0.0721239
0.0585026
0.0194237
0.157181
0.0460466
0.0653763
0.0688703
0.152269
0.174986
0.0440183
0.0414343
0.0448836
0.158821
0.106938
0.0623002
0.0105826
0.0427512
0.0359302
0.0660976
0.135569
0.0920214
0.019602
0.0600739
0.00371501
0.0353865
0.0367972
0.0151141
0.0608881
0.0389641
0.0635119
0.149515
0.0846205
0.0550647
0.0426671
0.086414
0.101699
0.0135247
0.0546667
0.034939
0.0505459
0.0723104
0.115008
0.00412878
0.0820572
0.0273073
0.00668673
0.0131005
0.0931009
0.0258684
0.0670065
0.148629
0.0926029
0.195849
0.0396548
0.173901
0.0509935
0.0761364
0.103908
0.0992989
0.112503
0.110533
0.171732
0.157614
0.0656296
0.0208878
0.055025
0.0313528
0.0106073
0.0313299
0.124963
0.092574
0.0762891
0.0181244
0.0476517
0.0605706
0.183367
0.0653622
0.0452083
0.0160786
0.100006
0.0989339
0.158056
0.198866
0.189213
0.0573886
0.0296459
0.096105
0.0383383
0.0351063
0.226795
0.047806
0.0342392
0.0699476
0.0419178
0.0323476
0.0534984
0.00623964
0.182797
0.0611905
0.0579008
0.0758184
0.144929
0.141378
0.150597
0.0284377
0.122251
0.0470617
0.0699144
0.0588751
0.11861
0.168125
0.0973756
0.179396
0.0867699
0.00900284
0.0343097
0.133467
0.00834202
0.00948811
0.0768619
0.0591704
0.0907286
0.0716362
0.173438
0.0214272
0.0893911
0.00983936
0.0891336
0.0781289
0.0445231
0.127243
0.00589937
0.0746596
0.100945
0.0315563
0.0415747
0.0281073
0.0748476
0.0991566
0.0757462
0.145974
0.0501776
0.134763
0.171997
0.158587
0.054492
0.0400902
0.0490013
0.128882
0.131338
0.0198412
0.0361492
0.0715181
0.0161193
0.0208367
0.0864322
0.023591
0.0982622
0.067693
0.027396
0.0143758
0.0426752
0.0611812
0.170186
0.0500529
0.174547
0.0482067
0.0311837
0.0180859
0.142532
0.0393264
0.0489896
0.0920972
0.0769825
0.0920224
0.155563
0.0221085
0.0969247
0.0975937
0.105516
0.0325804
0.226613
0.109899
0.12797
0.0726591
0.0753482
0.0173771
0.0705636
0.0549231
0.0149824
0.0665581
0.177616
0.0251746
0.0983571
0.0175074
0.142649
0.0192536
0.0911103
0.0608218
0.074167
0.0759144
0.220802
0.0516058
0.118499
0.0572341
0.0564903
0.0860464
0.150613
0.0361597
0.036825
0.157178
0.113129
0.0656843
0.181682
0.110202
0.0297848
0.10836
0.0642492
0.0776706
0.113134
0.118677
0.010014
0.0522109
0.020027
0.119766
0.0972871
0.0195118
0.166625
0.00401331
0.0917504
0.0756588
0.146232
0.195826
0.123493
0.0130973
0.117102
0.123893
0.219329
0.0975047
0.0256414
0.0728682
0.0794337
0.0785921
0.00133562
0.0544047
0.185122
0.0600678
0.0676377
0.13631
0.0162388
0.164424
0.0483905
0.0213534
0.0399415
0.0774242
0.110023
0.0266878
0.0282057
0.049141
0.00193023
0.0392274
0.0341988
0.009975
0.0506532
0.148663
0.0858596
0.0562834
0.0861073
0.107402
0.1033
0.126665
0.140119
0.0433915
0.155636
0.102006
0.0447595
0.140712
0.117036
0.0511187
0.0245639
0.133203
0.0306802
0.0225335
0.115338
0.0630249
0.00266969
0.137497
0.0774336
0.0172662
0.0443284
0.117147
0.0808658
0.133856
0.0987495
0.0917577
0.0211195
0.134271
0.0102141
0.0796886
0.139836
0.054605
0.104189
0.186183
0.198768
0.111571
0.126759
0.0648675
0.148889
0.0552444
0.0603007
0.0336064
0.10373
0.0298105
0.141193
0.139504
0.0807156
0.0269623
0.127474
0.103473
0.084578
0.0227643
0.0644696
0.00377312
0.0412211
0.133285
0.154838
0.0884631
0.117918
0.0234008
0.11029
0.0462561
0.0718951
0.0421105
0.0492586
0.0231681
0.149009
0.0168964
0.0294869
0.0548352
0.0866962
0.0820081
0.0121867
0.104797
0.119434
0.0374514
0.0168357
0.0808036
0.0840191
0.133516
0.093933
0.0904276
0.0274122
0.162592
0.0281595
0.00491222
0.0459736
0.0709888
0.0551882
0.0912195
0.0995328
0.178969
0.115786
0.107042
0.0324483
0.0232174
0.0438399
0.0350776
0.024177
0.0272013
0.0310504
0.0370946
0.00734803
0.110254
0.213017
0.149631
0.0289065
0.0374334
0.025466
0.0390074
0.0689198
0.0230838
0.111033
0.0504076
0.106018
0.0563253
0.0486277
0.022464
0.037069
0.082925
0.0602458
0.166843
0.061916
0.0441597
0.167792
0.0555346
0.180281
0.100138
0.0442675
0.146438
0.0297079
0.0433178
0.0195452
0.145471
0.0380228
0.0381785
0.0672266
0.0615966
0.0383437
0.0703069
0.04653
0.0525108
0.16526
0.050515
0.162451
0.0548046
0.030763
0.0308063
0.0748789
0.157783
0.0250038
0.0855237
0.0047988
0.032651
0.0773569
0.0159838
0.0397304
0.00507548
0.171112
0.0702922
0.0647303
0.0950017
0.0112823
0.0792529
0.197146
0.113904
0.0187968
0.0857412
0.117848
0.120848
0.0680579
0.0711637
0.0849082
0.0884456
0.0924398
0.0736986
0.0381939
0.111596
0.058854
0.0706767
0.143861
0.0752891
0.0161143
0.186024
0.0349214
0.224043
0.107168
0.0484826
0.0144952
0.124528
0.0482876
0.0470919
0.0680826
0.00997484
0.0974852
0.120096
0.105359
0.0841041
0.027776
0.0475346
0.0591392
0.0998908
0.164412
0.0717542
0.108014
0.0436971
0.172975
0.0305695
0.133391
0.018182
0.0516321
0.191059
0.00562368
0.0510069
0.0234189
0.136366
0.0535914
0.0616521
0.127097
0.00332146
0.0287453
0.0349601
0.00929626
0.160543
0.112168
0.0180809
0.0570418
0.0354231
0.0830205
0.0124523
0.00794116
0.0452534
0.091166
0.0639428
0.0699301
0.0278209
0.0446502
0.126086
0.0693263
0.0706491
0.0169026
0.128847
0.205544
0.0662923
0.00447086
0.0924996
0.0401911
0.0367502
0.149987
0.0602727
0.0985447
0.0683687
0.0961029
0.0944313
0.0598603
0.0711362
0.199861
0.0863498
0.0234674
0.0433637
0.179337
0.0105485
0.155636
0.0845101
0.104785
0.178559
0.11807
0.201206
0.00508703
0.104358
0.10389
0.0477556
0.0125239
0.0390896
0.11475
0.0185774
0.0771895
0.188063
0.110671
0.195573
0.0432825
0.177323
0.112908
0.151677
0.0525209
0.0149273
0.0237979
0.0653358
0.116244
0.110211
0.0556378
0.0128659
0.200079
0.00963586
0.12033
0.0565123
0.0449225
0.00579536
0.0217857
0.150085
0.0236073
0.0591354
0.126816
0.0208062
0.217292
0.0624083
0.144514
0.0436656
0.029886
0.0763461
0.223229
0.0527819
0.109941
0.0497758
0.135629
0.0787134
0.179728
0.121609
0.115727
0.0468307
0.101277
0.0248672
0.0705942
0.0885573
0.0979771
0.109689
0.110293
0.0194497
0.0591114
0.0607149
0.147513
0.0509266
0.0442812
0.0218902
0.0523196
0.0988662
0.102686
0.118036
0.0163684
0.124347
0.174261
0.0326054
0.133288
0.198673
0.124783
0.132797
0.176066
0.0739054
0.0454543
0.0871944
0.0527488
0.0397953
0.0623643
0.0225061
0.127332
0.0178271
0.0107004
0.0221382
0.0260962
0.071996
0.0519212
0.156444
0.00430112
0.0898192
0.0607326
0.112624
0.0497939
0.0805617
0.0311833
0.0288445
0.0469454
0.088226
0.0309416
0.122603
