0.0528427
0.0216556
0.0718477
0.183544
0.0837534
0.0476915
0.0254588
0.113416
0.0117542
0.1805
0.0237686
0.189822
0.134861
0.019606
0.0657398
0.070227
0.0718988
0.0792748
0.0300502
0.0685974
0.00513016
0.0223586
0.0541548
0.165794
0.0971356
0.0936584
0.0283762
0.152433
0.0952061
0.184848
0.0639754
0.0572581
0.0602024
0.106572
0.101569
0.0541276
0.129205
0.0330633
0.147748
0.0145499
0.196283
0.0970994
0.105108
0.0573297
0.191637
0.123282
0.0644627
0.0479297
0.0425305
0.0198553
0.0110264
0.198235
0.016783
0.0826141
0.120977
0.0907331
0.0837368
0.0398938
0.125931
0.0747204
0.0253401
0.0591813
0.0374561
0.185393
0.103366
0.118176
0.182071
0.0412734
0.0307426
0.0158338
0.156587
0.0540488
0.0306984
0.0520814
0.109084
0.0740994
0.0426111
0.01108
0.0153994
0.0892391
0.0737525
0.0290547
0.0598191
0.0177047
0.159273
0.0949843
0.0334956
0.018495
0.0447962
0.04329
0.0459346
0.0729149
0.0344442
0.00756051
0.0426415
0.188879
0.0555679
0.145701
0.0444296
0.0480582
0.0703958
0.0392398
0.137088
0.211741
0.0988173
0.0300319
0.0324029
0.0917094
0.0669196
0.0296433
0.150257
0.130456
0.0519997
0.0477394
0.00661302
0.108395
0.207403
0.0157027
0.023006
0.168047
0.0286326
0.0764381
0.0585405
0.170305
0.0227694
0.160362
0.0547382
0.0740796
0.0198227
0.1292
0.00320784
0.0307955
0.0171744
0.14629
0.100607
0.0745868
0.153687
0.0868917
0.185514
0.100081
0.0830147
0.0138104
0.0766675
0.13937
0.0435039
0.0305774
0.141788
0.111253
0.0868099
0.0400783
0.0695919
0.0148525
0.198789
0.0171653
0.13022
0.0620143
0.0351067
0.104401
0.0729852
0.108215
0.138864
0.0120199
0.0618493
0.0900376
0.0181924
0.089458
0.0199699
0.117147
0.0761944
0.165331
0.079517
0.0496797
0.115552
0.164145
0.0243672
0.0249416
0.00958996
0.015313
0.0284198
0.0652178
0.10629
0.0596355
0.0455386
0.100645
0.0607292
0.00545864
0.104642
0.0162389
0.0159803
0.0876428
0.034772
0.0499264
0.0442144
0.0855604
0.00492268
0.182982
0.100004
0.0550523
0.0530082
0.0495075
0.0190861
0.0357557
0.045192
0.0245141
0.0524608
0.0457534
0.0716731
0.0500469
0.0669489
0.172066
0.0146753
0.0275382
0.0457174
0.0891584
0.139344
0.0124559
0.0320706
0.00271954
0.0100273
0.164347
0.03599
0.0253786
0.125848
0.0862072
0.0434191
0.0254806
0.0793031
0.0781736
0.159585
0.0133834
0.0630222
0.182003
0.0643799
0.0710184
0.0693879
0.0746236
0.0180633
0.0175908
0.0151317
0.155685
0.0963715
0.00542507
0.043927
0.0641026
0.0893916
0.0675484
0.0291845
0.0935677
0.102667
0.0817289
0.0945256
0.0814212
0.0208578
0.168609
0.0234582
0.150826
0.0477385
0.0979922
0.0583319
0.141966
0.0316431
0.056837
0.0384662
0.0777719
0.20389
0.116015
0.0483818
0.145819
0.0881151
0.190292
0.183989
0.216476
0.144697
0.0717482
0.0929685
0.0340899
0.0197477
0.0413687
0.129612
0.0424188
0.00944121
0.00849375
0.191895
0.0447121
0.0650817
0.114813
0.10976
0.125779
0.0822615
0.0148799
0.0178887
0.0588382
0.159306
0.0449341
0.0271936
0.135709
0.147512
0.112869
0.122223
0.0252573
0.169005
0.102184
0.0873475
0.0567286
0.0995462
0.07961
0.0459573
0.0290352
0.134727
0.0942455
0.031129
0.010951
0.0734583
0.100588
0.0312228
0.0486388
0.0137596
0.0467584
0.0731567
0.165294
0.0176475
0.090825
0.0751984
0.139477
0.076277
0.0185267
0.164227
0.121276
0.072702
0.0228502
0.13694
0.0864831
0.0944908
0.156223
0.149591
0.0540463
0.0733042
0.120016
0.154791
0.160636
0.0138397
0.224544
0.106417
0.127509
0.218033
0.106054
0.136663
0.0545256
0.0126535
0.0407808
0.0312106
0.0685763
0.0461521
0.0182898
0.0484725
0.021296
0.140707
0.0450488
0.0898693
0.0828073
0.0402508
0.0597206
0.118123
0.0929037
0.019619
0.154052
0.0332034
0.0550663
0.140749
0.124401
0.0241324
0.182013
0.0713225
0.0652698
0.0616059
0.0563445
0.0736353
0.0517858
0.0884609
0.122071
0.0989029
0.0765465
0.128556
0.00954566
0.129134
0.0306551
0.0333911
0.150429
0.0134147
0.0310255
0.11025
0.0492491
0.00583906
0.0409983
0.0386624
0.0537799
0.0924427
0.0207601
0.101784
0.019377
0.10269
0.0524671
0.0866583
0.0406038
0.137921
0.0469619
0.0374215
0.0462949
0.120276
0.135184
0.0250439
0.025509
0.0103349
0.0777075
0.0649911
0.160157
0.0529579
0.102776
0.0703553
0.042842
0.0602567
0.166263
0.0570899
0.127584
0.0342712
0.0604665
0.0525462
0.161004
0.0218274
0.064022
0.108817
0.0522678
0.0900908
0.189733
0.0291917
0.0579328
0.19021
0.142439
0.0818053
0.0676137
0.0585477
0.0444992
0.00989587
0.121567
0.130791
0.0615383
0.0428532
0.0839427
0.182934
0.0470435
0.0174412
0.0694394
0.0874901
0.0729625
0.0204917
0.0468353
0.00109647
0.00771172
0.0866975
0.0665457
0.141462
0.0986798
0.0184129
0.0344135
0.10561
0.0486466
0.120309
0.0101471
0.0340404
0.0560645
0.0281863
0.0172716
0.116593
0.0224052
0.0488477
0.0627896
0.0596701
0.0919795
0.1275
0.153566
0.152594
0.0555026
0.115224
0.0167443
0.0082591
0.0701732
0.0110063
0.0269739
0.106749
0.062083
0.131428
0.0533053
0.0200417
0.100659
0.055864
0.146324
0.104412
0.0490415
0.106394
0.0611063
0.0873282
0.00611089
0.0485304
0.00505188
0.0609518
0.0564966
0.193644
0.111929
0.0775502
0.0911232
0.142549
0.174215
0.0296288
0.0499795
0.175456
0.102538
0.0197592
0.0587681
0.0698757
0.0605785
0.0208857
0.0411624
0.0344256
0.0845946
0.0439769
0.0419639
0.0529393
0.0452552
0.00720647
0.112178
0.0921738
0.0662081
0.0339265
0.0594032
0.156572
0.077336
0.0539256
0.0402163
0.137552
0.0737174
0.0364836
0.0568026
0.0490499
0.192839
0.0189283
0.170091
0.13058
0.114983
0.140126
0.0843856
0.0530097
0.047287
0.142
0.0691425
0.0208781
0.0894125
0.103741
0.0290559
0.0702529
0.077165
0.0242846
0.0671831
0.0585552
0.163713
0.0457715
0.0783994
0.1171
0.0656137
0.0204045
0.0182752
0.115853
0.0676249
0.11866
0.0154733
0.0647809
0.0178772
0.0810316
0.0220001
0.101102
0.0158641
0.049196
0.065762
0.0978847
0.162304
0.138026
0.131267
0.0281329
0.00856937
0.164633
0.188693
0.0400382
0.0479897
0.0360124
0.101796
0.0602871
0.15049
0.0729072
0.146668
0.0503749
0.0656927
0.0289649
0.0572022
0.102796
0.0930996
0.0139459
0.0550737
0.0378217
0.0968367
0.032964
0.0799297
0.0833107
0.0851728
0.0255839
0.0262952
0.0735636
0.182654
0.102327
0.0458383
0.157527
0.137325
0.024531
0.101988
0.135624
0.0364631
0.0821811
0.0777585
0.0628678
0.0469274
0.186818
0.0281159
0.0880011
0.12822
0.049197
0.18392
0.0312927
0.17867
0.0204147
0.147354
0.0150833
0.00566434
0.0664515
0.115662
0.0543231
0.12015
0.0278673
0.0498251
0.076073
0.0984793
0.0564554
0.106163
0.136779
0.102923
0.0479768
0.103938
0.0730767
0.0703985
0.0101672
0.0456883
0.111875
0.0608457
0.107633
0.0805493
0.0690566
0.0463075
0.182222
0.0650615
0.0933642
0.132664
0.0107484
0.131885
0.0114585
0.163898
0.0707797
0.0310875
0.0310427
0.107341
0.1523
0.0271134
0.00433869
0.0579018
0.158324
0.0858018
0.0514667
0.0646254
0.086478
0.198522
0.134746
0.0830113
0.0956497
0.0865521
0.0623385
0.0347857
0.0244476
0.0163815
0.0448612
0.0629167
0.0941124
0.0453866
0.150942
0.110594
0.042433
0.0714807
0.15261
0.0558
0.0416687
0.180218
0.0761271
0.0724206
0.11359
0.0315547
0.0182921
0.0529892
0.0409818
0.116783
0.112274
0.109846
0.00979151
0.0321801
0.120902
0.108689
0.0532608
0.188884
0.10461
0.176219
0.0705862
0.0353706
0.0367225
0.200167
0.023395
0.142105
0.188364
0.0694272
0.0219504
0.210058
0.0315642
0.0365011
0.0504239
0.0404549
0.0285662
0.0263916
0.184218
0.00674678
0.0207769
0.0736767
0.0979632
0.0589077
0.0409013
0.0581787
0.213059
0.124273
0.0473386
0.0505578
0.0517989
0.0809107
0.1162
0.0810836
0.162173
0.0828696
0.074299
0.0333922
0.146323
0.0143358
0.117678
0.0954498
0.0407968
0.198087
0.0398975
0.0743002
0.0520251
0.00603505
0.0189397
0.0517926
0.0969987
0.124995
0.10339
0.188661
0.0247607
0.0555513
0.14096
0.105484
0.0282717
0.0837772
0.0636821
0.159639
0.081596
0.00223372
0.0503758
0.0671986
0.0568364
0.0626511
0.0320277
0.13607
0.131615
0.168496
0.206674
0.014102
0.0848702
0.0845919
0.0444228
0.201262
0.0643822
0.103415
0.0836132
0.10971
0.0169635
0.0702895
0.0485648
0.104842
0.00914648
0.0382113
0.143736
0.166156
0.0488545
0.0518031
0.179785
0.0751917
0.0156668
0.125196
0.0766864
0.0914955
0.0862243
0.0302511
0.106331
0.0333951
0.0335715
0.0365033
0.0298058
0.133832
0.0792363
0.0166798
0.0237155
0.185328
0.0772204
0.0588698
0.0470943
0.00221535
0.10946
0.0554523
0.0836233
0.0238368
0.0552286
0.0610044
0.0153621
0.0404532
0.0605861
0.103553
0.0493043
0.161337
0.0520309
0.06623
0.0446543
0.0545018
0.050051
0.0225975
0.0778115
0.116462
0.100064
0.0650789
0.0475517
0.0119709
0.0752943
0.0642677
0.128159
0.16389
0.0786714
0.153313
0.083108
0.093011
0.0285614
0.0611677
0.114699
0.0353666
0.0933268
0.118616
0.00221644
0.035128
0.0857891
0.0899741
0.0919102
0.00288694
0.187986
0.177172
0.0326524
0.061656
0.0702457
0.0703571
0.073672
0.0342247
0.0605246
0.154367
0.101396
0.123791
0.192991
0.12207
0.0553274
0.0976839
0.0700368
0.0993735
0.0716527
0.0643585
0.0348013
0.167585
0.137482
0.155573
0.164981
0.0359059
0.0645449
0.080611
0.0178944
0.18306
0.087443
0.043852
0.0589669
0.0125917
0.138947
0.0740238
0.00774898
0.0425239
0.065739
0.0215772
0.129864
0.107973
0.0533388
0.00807468
0.141223
0.0905122
0.0782546
0.0625595
0.0149789
0.129519
0.206666
0.0901581
0.203788
0.016172
0.104612
0.044034
0.102715
0.0208171
0.064647
0.13049
0.0376074
0.0486976
0.0378011
0.0933369
0.0551869
0.113513
0.158586
0.144342
0.0121543
0.108199
0.0605677
0.0285556
0.120962
0.109717
0.0122421
0.166028
0.0165677
0.0167369
0.0359698
0.105181
0.0251239
0.0999655
0.0119808
0.138582
0.0223829
0.0127862
0.0310481
0.10163
0.183181
0.0429217
0.106658
0.0206255
0.0293011
0.0438183
0.0750303
0.0150742
0.177055
0.120577
0.115025
0.0898506
0.152053
0.0460508
0.101758
0.0120922
0.194789
0.0949508
0.105387
0.0556839
0.169969
0.183487
0.0429259
0.0430868
0.0168096
0.0615316
0.111558
0.188296
0.0522963
0.117513
0.201102
0.0953286
0.00925901
0.120811
0.123924
0.0226254
0.00493129
0.0682628
0.0928176
0.103444
0.110429
0.0208777
0.0396027
0.149456
0.157157
0.0253989
0.0147964
0.0461988
0.0442852
0.0257927
0.00846104
0.00506938
0.109536
0.0388698
0.0456959
0.0535071
0.0719267
0.0947246
0.0778048
0.0450827
0.132174
0.0862874
0.091502
0.0168563
0.0153087
0.0782353
0.0953689
0.0350053
0.127714
0.0330606
0.131829
0.169733
0.187379
0.105574
0.183497
0.0852765
0.0250183
0.193647
0.0332919
0.109043
0.0606702
0.0203343
0.00724661
0.0901711
0.10501
0.174306
0.0623025
0.00555587
0.0516784
0.0663671
0.0617124
0.123458
0.0692869
0.0463477
0.0430387
0.00665776
0.167875
0.0528427
0.0216556
0.0718477
0.183544
0.0837534
0.0476915
0.0254588
0.113416
0.0117542
0.1805
0.0237686
0.189822
0.134861
0.019606
0.0657398
0.070227
0.0718988
0.0792748
0.0300502
0.0685974
0.00513016
0.0223586
0.0541548
0.165794
0.0971356
0.0936584
0.0283762
0.152433
0.0952061
0.184848
0.0639754
0.0572581
0.0602024
0.106572
0.101569
0.0541276
0.129205
0.0330633
0.147748
0.0145499
0.196283
0.0970994
0.105108
0.0573297
0.191637
0.123282
0.0644627
0.0479297
0.0425305
0.0198553
0.0110264
0.198235
0.016783
0.0826141
0.120977
0.0907331
0.0837368
0.0398938
0.125931
0.0747204
0.0253401
0.0591813
0.0374561
0.185393
0.103366
0.118176
0.182071
0.0412734
0.0307426
0.0158338
0.156587
0.0540488
0.0306984
0.0520814
0.109084
0.0740994
0.0426111
0.01108
0.0153994
0.0892391
0.0737525
0.0290547
0.0598191
0.0177047
0.159273
0.0949843
0.0334956
0.018495
0.0447962
0.04329
0.0459346
0.0729149
0.0344442
0.00756051
0.0426415
0.188879
0.0555679
0.145701
0.0444296
0.0480582
0.0703958
0.0392398
0.137088
0.211741
0.0988173
0.0300319
0.0324029
0.0917094
0.0669196
0.0296433
0.150257
0.130456
0.0519997
0.0477394
0.00661302
0.108395
0.207403
0.0157027
0.023006
0.168047
0.0286326
0.0764381
0.0585405
0.170305
0.0227694
0.160362
0.0547382
0.0740796
0.0198227
0.1292
0.00320784
0.0307955
0.0171744
0.14629
0.100607
0.0745868
0.153687
0.0868917
0.185514
0.100081
0.0830147
0.0138104
0.0766675
0.13937
0.0435039
0.0305774
0.141788
0.111253
0.0868099
0.0400783
0.0695919
0.0148525
0.198789
0.0171653
0.13022
0.0620143
0.0351067
0.104401
0.0729852
0.108215
0.138864
0.0120199
0.0618493
0.0900376
0.0181924
0.089458
0.0199699
0.117147
0.0761944
0.165331
0.079517
0.0496797
0.115552
0.164145
0.0243672
0.0249416
0.00958996
0.015313
0.0284198
0.0652178
0.10629
0.0596355
0.0455386
0.100645
0.0607292
0.00545864
0.104642
0.0162389
0.0159803
0.0876428
0.034772
0.0499264
0.0442144
0.0855604
0.00492268
0.182982
0.100004
0.0550523
0.0530082
0.0495075
0.0190861
0.0357557
0.045192
0.0245141
0.0524608
0.0457534
0.0716731
0.0500469
0.0669489
0.172066
0.0146753
0.0275382
0.0457174
0.0891584
0.139344
0.0124559
0.0320706
0.00271954
0.0100273
0.164347
0.03599
0.0253786
0.125848
0.0862072
0.0434191
0.0254806
0.0793031
0.0781736
0.159585
0.0133834
0.0630222
0.182003
0.0643799
0.0710184
0.0693879
0.0746236
0.0180633
0.0175908
0.0151317
0.155685
0.0963715
0.00542507
0.043927
0.0641026
0.0893916
0.0675484
0.0291845
0.0935677
0.102667
0.0817289
0.0945256
0.0814212
0.0208578
0.168609
0.0234582
0.150826
0.0477385
0.0979922
0.0583319
0.141966
0.0316431
0.056837
0.0384662
0.0777719
0.20389
0.116015
0.0483818
0.145819
0.0881151
0.190292
0.183989
0.216476
0.144697
0.0717482
0.0929685
0.0340899
0.0197477
0.0413687
0.129612
0.0424188
0.00944121
0.00849375
0.191895
0.0447121
0.0650817
0.114813
0.10976
0.125779
0.0822615
0.0148799
0.0178887
0.0588382
0.159306
0.0449341
0.0271936
0.135709
0.147512
0.112869
0.122223
0.0252573
0.169005
0.102184
0.0873475
0.0567286
0.0995462
0.07961
0.0459573
0.0290352
0.134727
0.0942455
0.031129
0.010951
0.0734583
0.100588
0.0312228
0.0486388
0.0137596
0.0467584
0.0731567
0.165294
0.0176475
0.090825
0.0751984
0.139477
0.076277
0.0185267
0.164227
0.121276
0.072702
0.0228502
0.13694
0.0864831
0.0944908
0.156223
0.149591
0.0540463
0.0733042
0.120016
0.154791
0.160636
0.0138397
0.224544
0.106417
0.127509
0.218033
0.106054
0.136663
0.0545256
0.0126535
0.0407808
0.0312106
0.0685763
0.0461521
0.0182898
0.0484725
0.021296
0.140707
0.0450488
0.0898693
0.0828073
0.0402508
0.0597206
0.118123
0.0929037
0.019619
0.154052
0.0332034
0.0550663
0.140749
0.124401
0.0241324
0.182013
0.0713225
0.0652698
0.0616059
0.0563445
0.0736353
0.0517858
0.0884609
0.122071
0.0989029
0.0765465
0.128556
0.00954566
0.129134
0.0306551
0.0333911
0.150429
0.0134147
0.0310255
0.11025
0.0492491
0.00583906
0.0409983
0.0386624
0.0537799
0.0924427
0.0207601
0.101784
0.019377
0.10269
0.0524671
0.0866583
0.0406038
0.137921
0.0469619
0.0374215
0.0462949
0.120276
0.135184
0.0250439
0.025509
0.0103349
0.0777075
0.0649911
0.160157
0.0529579
0.102776
0.0703553
0.042842
0.0602567
0.166263
0.0570899
0.127584
0.0342712
0.0604665
0.0525462
0.161004
0.0218274
0.064022
0.108817
0.0522678
0.0900908
0.189733
0.0291917
0.0579328
0.19021
0.142439
0.0818053
0.0676137
0.0585477
0.0444992
0.00989587
0.121567
0.130791
0.0615383
0.0428532
0.0839427
0.182934
0.0470435
0.0174412
0.0694394
0.0874901
0.0729625
0.0204917
0.0468353
0.00109647
0.00771172
0.0866975
0.0665457
0.141462
0.0986798
0.0184129
0.0344135
0.10561
0.0486466
0.120309
0.0101471
0.0340404
0.0560645
0.0281863
0.0172716
0.116593
0.0224052
0.0488477
0.0627896
0.0596701
0.0919795
0.1275
0.153566
0.152594
0.0555026
0.115224
0.0167443
0.0082591
0.0701732
0.0110063
0.0269739
0.106749
0.062083
0.131428
0.0533053
0.0200417
0.100659
0.055864
0.146324
0.104412
0.0490415
0.106394
0.0611063
0.0873282
0.00611089
0.0485304
0.00505188
0.0609518
0.0564966
0.193644
0.111929
0.0775502
0.0911232
0.142549
0.174215
0.0296288
0.0499795
0.175456
0.102538
0.0197592
0.0587681
0.0698757
0.0605785
0.0208857
0.0411624
0.0344256
0.0845946
0.0439769
0.0419639
0.0529393
0.0452552
0.00720647
0.112178
0.0921738
0.0662081
0.0339265
0.0594032
0.156572
0.077336
0.0539256
0.0402163
0.137552
0.0737174
0.0364836
0.0568026
0.0490499
0.192839
0.0189283
0.170091
0.13058
0.114983
0.140126
0.0843856
0.0530097
0.047287
0.142
0.0691425
0.0208781
0.0894125
0.103741
0.0290559
0.0702529
0.077165
0.0242846
0.0671831
0.0585552
0.163713
0.0457715
0.0783994
0.1171
0.0656137
0.0204045
0.0182752
0.115853
0.0676249
0.11866
0.0154733
0.0647809
0.0178772
0.0810316
0.0220001
0.101102
0.0158641
0.049196
0.065762
0.0978847
0.162304
0.138026
0.131267
0.0281329
0.00856937
0.164633
0.188693
0.0400382
0.0479897
0.0360124
0.101796
0.0602871
0.15049
0.0729072
0.146668
0.0503749
0.0656927
0.0289649
0.0572022
0.102796
0.0930996
0.0139459
0.0550737
0.0378217
0.0968367
0.032964
0.0799297
0.0833107
0.0851728
0.0255839
0.0262952
0.0735636
0.182654
0.102327
0.0458383
0.157527
0.137325
0.024531
0.101988
0.135624
0.0364631
0.0821811
0.0777585
0.0628678
0.0469274
0.186818
0.0281159
0.0880011
0.12822
0.049197
0.18392
0.0312927
0.17867
0.0204147
0.147354
0.0150833
0.00566434
0.0664515
0.115662
0.0543231
0.12015
0.0278673
0.0498251
0.076073
0.0984793
0.0564554
0.106163
0.136779
0.102923
0.0479768
0.103938
0.0730767
0.0703985
0.0101672
0.0456883
0.111875
0.0608457
0.107633
0.0805493
0.0690566
0.0463075
0.182222
0.0650615
0.0933642
0.132664
0.0107484
0.131885
0.0114585
0.163898
0.0707797
0.0310875
0.0310427
0.107341
0.1523
0.0271134
0.00433869
0.0579018
0.158324
0.0858018
0.0514667
0.0646254
0.086478
0.198522
0.134746
0.0830113
0.0956497
0.0865521
0.0623385
0.0347857
0.0244476
0.0163815
0.0448612
0.0629167
0.0941124
0.0453866
0.150942
0.110594
0.042433
0.0714807
0.15261
0.0558
0.0416687
0.180218
0.0761271
0.0724206
0.11359
0.0315547
0.0182921
0.0529892
0.0409818
0.116783
0.112274
0.109846
0.00979151
0.0321801
0.120902
0.108689
0.0532608
0.188884
0.10461
0.176219
0.0705862
0.0353706
0.0367225
0.200167
0.023395
0.142105
0.188364
0.0694272
0.0219504
0.210058
0.0315642
0.0365011
0.0504239
0.0404549
0.0285662
0.0263916
0.184218
0.00674678
0.0207769
0.0736767
0.0979632
0.0589077
0.0409013
0.0581787
0.213059
0.124273
0.0473386
0.0505578
0.0517989
0.0809107
0.1162
0.0810836
0.162173
0.0828696
0.074299
0.0333922
0.146323
0.0143358
0.117678
0.0954498
0.0407968
0.198087
0.0398975
0.0743002
0.0520251
0.00603505
0.0189397
0.0517926
0.0969987
0.124995
0.10339
0.188661
0.0247607
0.0555513
0.14096
0.105484
0.0282717
0.0837772
0.0636821
0.159639
0.081596
0.00223372
0.0503758
0.0671986
0.0568364
0.0626511
0.0320277
0.13607
0.131615
0.168496
0.206674
0.014102
0.0848702
0.0845919
0.0444228
0.201262
0.0643822
0.103415
0.0836132
0.10971
0.0169635
0.0702895
0.0485648
0.104842
0.00914648
0.0382113
0.143736
0.166156
0.0488545
0.0518031
0.179785
0.0751917
0.0156668
0.125196
0.0766864
0.0914955
0.0862243
0.0302511
0.106331
0.0333951
0.0335715
0.0365033
0.0298058
0.133832
0.0792363
0.0166798
0.0237155
0.185328
0.0772204
0.0588698
0.0470943
0.00221535
0.10946
0.0554523
0.0836233
0.0238368
0.0552286
0.0610044
0.0153621
0.0404532
0.0605861
0.103553
0.0493043
0.161337
0.0520309
0.06623
0.0446543
0.0545018
0.050051
0.0225975
0.0778115
0.116462
0.100064
0.0650789
0.0475517
0.0119709
0.0752943
0.0642677
0.128159
0.16389
0.0786714
0.153313
0.083108
0.093011
0.0285614
0.0611677
0.114699
0.0353666
0.0933268
0.118616
0.00221644
0.035128
0.0857891
0.0899741
0.0919102
0.00288694
0.187986
0.177172
0.0326524
0.061656
0.0702457
0.0703571
0.073672
0.0342247
0.0605246
0.154367
0.101396
0.123791
0.192991
0.12207
0.0553274
0.0976839
0.0700368
0.0993735
0.0716527
0.0643585
0.0348013
0.167585
0.137482
0.155573
0.164981
0.0359059
0.0645449
0.080611
0.0178944
0.18306
0.087443
0.043852
0.0589669
0.0125917
0.138947
0.0740238
0.00774898
0.0425239
0.065739
0.0215772
0.129864
0.107973
0.0533388
0.00807468
0.141223
0.0905122
0.0782546
0.0625595
0.0149789
0.129519
0.206666
0.0901581
0.203788
0.016172
0.104612
0.044034
0.102715
0.0208171
0.064647
0.13049
0.0376074
0.0486976
0.0378011
0.0933369
0.0551869
0.113513
0.158586
0.144342
0.0121543
0.108199
0.0605677
0.0285556
0.120962
0.109717
0.0122421
0.166028
0.0165677
0.0167369
0.0359698
0.105181
0.0251239
0.0999655
0.0119808
0.138582
0.0223829
0.0127862
0.0310481
0.10163
0.183181
0.0429217
0.106658
0.0206255
0.0293011
0.0438183
0.0750303
0.0150742
0.177055
0.120577
0.115025
0.0898506
0.152053
0.0460508
0.101758
0.0120922
0.194789
0.0949508
0.105387
0.0556839
0.169969
0.183487
0.0429259
0.0430868
0.0168096
0.0615316
0.111558
0.188296
0.0522963
0.117513
0.201102
0.0953286
0.00925901
0.120811
0.123924
0.0226254
0.00493129
0.0682628
0.0928176
0.103444
0.110429
0.0208777
0.0396027
0.149456
0.157157
0.0253989
0.0147964
0.0461988
0.0442852
0.0257927
0.00846104
0.00506938
0.109536
0.0388698
0.0456959
0.0535071
0.0719267
0.0947246
0.0778048
0.0450827
0.132174
0.0862874
0.091502
0.0168563
0.0153087
0.0782353
0.0953689
0.0350053
0.127714
0.0330606
0.131829
0.169733
0.187379
0.105574
0.183497
0.0852765
0.0250183
0.193647
0.0332919
0.109043
0.0606702
0.0203343
0.00724661
0.0901711
0.10501
0.174306
0.0623025
0.00555587
0.0516784
0.0663671
0.0617124
0.123458
0.0692869
0.0463477
0.0430387
0.00665776
0.167875
0.118213
0.140639
0.128265
0.0256964
0.0243621
0.0354345
0.0854918
0.107845
0.0476046
0.100471
0.101709
0.134779
0.069154
0.0525482
0.129433
0.0257522
0.054861
0.17131
0.0340072
0.136168
0.0590984
0.0520119
0.0335708
0.126799
0.0480308
0.0582598
0.154599
0.0341251
0.153295
0.0255296
0.0461513
0.142979
0.00708436
0.0136309
0.0616954
0.0752665
0.0112545
0.142329
0.10758
0.111026
0.128119
0.0134819
0.0801198
0.133047
0.21238
0.0105446
0.142114
0.0715811
0.115951
0.0272184
0.0295798
0.0646361
0.103704
0.112437
0.0992622
0.158018
0.0855153
0.0144583
0.0993317
0.00255609
0.0316577
0.0594412
0.0845788
0.0795719
0.113419
0.0579058
0.173201
0.0160493
0.136495
0.119395
0.13167
0.102965
0.194791
0.0459684
0.0534185
0.0455227
0.0203032
0.0998015
0.029733
0.0820132
0.0365251
0.0545638
0.0854403
0.0461406
0.0952825
0.136525
0.0786416
0.0228249
0.03994
0.15009
0.0581484
0.112107
0.015636
0.102063
0.065816
0.0722419
0.0675095
0.0863891
0.0699765
0.0511711
0.120123
0.063007
0.140966
0.05226
0.0526265
0.0520746
0.0197323
0.0766252
0.0415075
0.0954164
0.0429844
0.125345
0.0660347
0.092753
0.0327528
0.0879494
0.0140529
0.0251426
0.10381
0.0385418
0.0823232
0.0213978
0.123959
0.016776
0.0480552
0.0481616
0.0670721
0.038933
0.0403017
0.0315305
0.0364238
0.0305822
0.161605
0.026509
0.0438456
0.0641423
0.0118205
0.0878613
0.0867406
0.0216997
0.099521
0.021879
0.169699
0.190573
0.0146297
0.118564
0.067771
0.133723
0.0678595
0.058041
0.0223453
0.0830394
0.0974308
0.0208559
0.0588246
0.0780183
0.0824307
0.0626163
0.124888
0.0650745
0.184184
0.0440592
0.126181
0.0481083
0.0431823
0.0698239
0.152492
0.0423774
0.131411
0.117019
0.124078
0.149223
0.116175
0.0475549
0.00845913
0.119517
0.0547991
0.0841915
0.00399296
0.0826749
0.128806
0.177252
0.0548522
0.210132
0.135395
0.0265728
0.189926
0.0839715
0.0927152
0.0579499
0.0278382
0.10554
0.0228225
0.0291138
0.0480135
0.0340087
0.0229347
0.0437098
0.0654652
0.128777
0.0519299
0.0100896
0.0143032
0.0904244
0.0732012
0.134812
0.0623408
0.034029
0.00415596
0.152644
0.021491
0.0563625
0.0896023
0.0394244
0.0343483
0.113702
0.0281674
0.0264769
0.030253
0.154292
0.0450553
0.106393
0.163887
0.0233417
0.0770177
0.116961
0.118119
0.034408
0.0154216
0.0704554
0.111799
0.158389
0.0865016
0.062561
0.0160726
0.0407211
0.0691598
0.0490223
0.0684583
0.0395174
0.0358809
0.0943569
0.123956
0.0293224
0.117978
0.0829388
0.0376474
0.0985125
0.0863189
0.00329441
0.0550122
0.0501627
0.0141223
0.123582
0.0532346
0.050553
0.139327
0.00417247
0.0936667
0.0493389
0.0171651
0.0223325
0.084194
0.0742997
0.0735298
0.0923965
0.0621149
0.0973286
0.0710067
0.0702109
0.107791
0.0650078
0.0346221
0.029096
0.0835626
0.154744
0.138854
0.165274
0.000836092
0.198622
0.170939
0.107957
0.104908
0.0802544
0.146698
0.0892079
0.0382972
0.0653732
0.189008
0.124225
0.0469316
0.0695559
0.189333
0.168865
0.0545036
0.111287
0.139961
0.0549756
0.0694111
0.0846104
0.0972107
0.0939409
0.0751846
0.164311
0.199955
0.0331475
0.095165
0.123818
0.147981
0.165292
0.0492666
0.0554285
0.0276463
0.0382443
0.0759464
0.122649
0.0561494
0.0442934
0.111847
0.143052
0.0535076
0.0144212
0.0599314
0.118035
0.11411
0.0622808
0.221032
0.120606
0.0625144
0.00166523
0.0922679
0.0257476
0.0179524
0.144192
0.0843088
0.0746329
0.0220564
0.0466365
0.0466771
0.0553785
0.0274267
0.0895395
4.89449e-05
0.0560117
0.0311831
0.0117847
0.130452
0.00668655
0.0282505
0.0907948
0.0630433
0.0359037
0.145584
0.019585
0.0121081
0.00274943
0.192162
0.161125
0.177965
0.0258455
0.0150357
0.0136283
0.081893
0.209516
0.0255699
0.0993524
0.0313987
0.132611
0.0513342
0.224259
0.0667871
0.0220764
0.161975
0.0321488
0.0805572
0.113579
0.0569354
0.118724
0.030129
0.0615847
0.0655815
0.0654638
0.0252287
0.0719734
0.0167676
0.163469
0.0627119
0.0447619
0.0180971
0.158113
0.0125476
0.0924946
0.122333
0.18677
0.0950713
0.0364507
0.127758
0.103776
0.0418631
0.0757084
0.124114
0.179196
0.00955694
0.0871813
0.0670146
0.093655
0.031492
0.0345087
0.0992077
0.0555119
0.00802413
0.121296
0.0582126
0.00444791
0.0237399
0.0223816
0.0822284
0.0335506
0.0744779
0.116272
0.0351662
0.0555802
0.0570799
0.0376605
0.150962
0.0258769
0.0867166
0.146908
0.085404
0.138709
0.0636243
0.0547984
0.183253
0.0100111
0.0942326
0.00611291
0.00190119
0.0255446
0.0362498
0.132848
0.0251952
0.0839902
0.078359
0.0742478
0.13911
0.170173
0.163606
0.0383354
0.0600129
0.0369351
0.0374238
0.0695725
0.031682
0.0623437
0.0193319
0.00325029
0.0539834
0.0784567
0.0578353
0.057182
0.0838985
0.0385727
0.0928931
0.0188022
0.120321
0.193925
0.0605785
0.0513235
0.0796279
0.0891106
0.0273811
0.0680671
0.059567
0.0223848
0.0567248
0.0834486
0.113265
0.0689633
0.0603745
0.135641
0.0858002
0.0196992
0.0665192
0.00492832
0.151951
0.0437379
0.0861363
0.162015
0.0228027
0.022013
0.0525445
0.0294591
0.0332459
0.135457
0.04326
0.00439174
0.109654
0.0696867
0.114033
0.0139308
0.0747839
0.0349592
0.0295905
0.182463
0.0186228
0.0578067
0.0282432
0.0251354
0.119964
0.0722419
0.151167
0.183338
0.152133
0.0695561
0.169135
0.0761387
0.0324902
0.122865
0.00376956
0.0269202
0.0699422
0.145438
0.0635863
0.0363864
0.0151979
0.0525209
0.0319552
0.0415009
0.0554666
0.0229551
0.0126486
0.163847
0.0159963
0.05279
0.0901989
0.0791518
0.107499
0.103193
0.0612857
0.163083
0.0773973
0.106764
0.0723533
0.0272379
0.161253
0.10753
0.0937873
0.116613
0.0721813
0.200293
0.102702
0.112688
0.0261628
0.154444
0.129698
0.0907408
0.114817
0.0397108
0.0566505
0.00250483
0.148926
0.0088833
0.0450208
0.166552
0.144124
0.00148181
0.00309986
0.00734755
0.0547658
0.131825
0.0751557
0.0145832
0.126982
0.055162
0.109912
0.0264321
0.0230549
0.115554
0.110844
0.016014
0.0711959
0.0676113
0.127057
0.156668
0.100353
0.0407535
0.0149799
0.112725
0.0644277
0.0511849
0.0324127
0.0147925
0.081626
0.149225
0.0663505
0.0908795
0.127298
0.0412971
0.0524651
0.0591025
0.0734514
0.0533702
0.187163
0.100321
0.075595
0.207644
0.151821
0.0634189
0.026858
0.206438
0.139471
0.0302608
0.0070691
0.0113627
0.174982
0.0329227
0.142709
0.0532813
0.00135502
0.072118
0.0314901
0.10162
0.0367367
0.147147
0.0389371
0.000509124
0.0296768
0.00851838
0.054499
0.0246849
0.11069
0.156728
0.0937333
0.129801
0.199175
0.0889314
0.0513642
0.0957696
0.0281457
0.156804
0.118084
0.0993073
0.0254535
0.0360858
0.0776015
0.0894807
0.0584491
0.0531462
0.169268
0.0111309
0.0537635
0.0617943
0.0501607
0.0965535
0.0966921
0.0887606
0.0419471
0.0392147
0.1658
0.0936168
0.0281079
0.11424
0.0720508
0.0634391
0.00945638
0.149871
0.0386519
0.133926
0.0941143
0.00871312
0.0436763
0.022148
0.0385223
0.0721175
0.147286
0.199543
0.0275957
0.165584
0.0934828
0.0173041
0.187634
0.0224544
0.0968017
0.0619943
0.0769308
0.111188
0.117403
0.0783882
0.0882612
0.171726
0.0709096
0.142912
0.038854
0.059167
0.0738077
0.0527937
0.108616
0.0131704
0.0375777
0.193313
0.0689375
0.0174085
0.135721
0.062669
0.0197456
0.0899493
0.0552421
0.0485824
0.0996328
0.0434865
0.141697
0.0163209
0.0162778
0.0394677
0.0719135
0.0945178
0.00592001
0.00533012
0.01219
0.133167
0.0316409
0.102761
0.115785
0.190094
0.0995701
0.0307354
0.0453087
0.0944566
0.0209233
0.0906909
0.0921888
0.0441874
0.14891
0.130629
0.0796059
0.078081
0.155751
0.0691747
0.165602
0.147562
0.0178818
0.0111513
0.109281
0.0537756
0.0157359
0.0615216
0.0117513
0.0203817
0.000888053
0.0281386
0.150645
0.0502556
0.133858
0.157816
0.0623287
0.00724716
0.0130056
0.017381
0.205733
0.0452044
0.140359
0.0553832
0.00555741
0.128899
0.122398
0.131654
0.10738
0.0168956
0.162974
0.0454867
0.0396193
0.0787983
0.0249023
0.0368274
0.0410542
0.15616
0.0620333
0.0476017
0.00406794
0.0251736
0.13455
0.0641504
0.0886913
0.0667078
0.0585218
0.138246
0.0626071
0.0199808
0.0553838
0.0732877
0.0990378
0.0702461
0.0111566
0.0323936
0.164697
0.11515
0.108308
0.0520006
0.0853864
0.0822373
0.0565184
0.0793286
0.0862216
0.0290693
0.122109
0.0987055
0.098543
0.0359738
0.136279
0.0384387
0.028004
0.0533218
0.106721
0.0141821
0.0169948
0.114123
0.0162998
0.0894794
0.141796
0.0340283
0.134996
0.114453
0.13363
0.0249527
0.00613273
0.0150666
0.0785831
0.0291307
0.0671463
0.0659344
0.0780439
0.0577437
0.100296
0.0463429
0.0124157
0.00422602
0.0193955
0.103269
0.0985133
0.00650516
0.0570691
0.0255998
0.0690517
0.0212952
0.0399818
0.148481
0.128791
0.168862
0.036476
0.182784
0.0669499
0.136394
0.142623
0.04076
0.0238375
0.0173927
0.0592559
0.0369034
0.00634062
0.0812755
0.0350862
0.0658532
0.0809435
0.144108
0.00568036
0.0986828
0.00238122
0.0934682
0.11075
0.0497836
0.205819
0.0540825
0.0957797
0.0187728
0.0414959
0.0608054
0.129928
0.0146552
0.024458
0.017293
0.146682
0.0242516
0.0789129
0.00662626
0.0354559
0.0845663
0.0419812
0.0140932
0.12239
0.0796315
0.132707
0.0963484
0.0661487
0.0233109
0.154911
0.0694723
0.0188593
0.0299212
0.121499
0.0625047
0.0473108
0.145463
0.117024
0.104922
0.103983
0.0486184
0.198246
0.0245973
0.035819
0.0969597
0.021317
0.0218407
0.0891331
0.0609485
0.0196804
0.0388415
0.193318
0.159793
0.163497
0.00549824
0.0419054
0.0688797
0.0771807
0.150539
0.10437
0.0166712
0.0434566
0.0637523
0.0239997
0.136091
0.142818
0.082264
0.107144
0.0276567
0.0483198
0.0247724
0.0427911
0.0964132
0.0120821
0.045237
0.147318
0.0560555
0.132979
0.0221231
0.107364
0.00158639
0.0120799
0.0585507
0.11531
0.127794
0.130812
0.0283842
0.0584801
0.0318159
0.164612
0.00856198
0.0812198
0.0774133
0.0435296
0.0763086
0.172187
0.0174027
0.0743525
0.0261294
0.0321676
0.0664496
0.00372244
0.0336791
0.0650179
0.0617963
0.115371
0.0998204
0.0251681
0.0897967
0.103483
0.0873271
0.180059
0.0112267
0.176342
0.104415
0.024031
0.178202
0.0463482
0.0108361
0.106691
0.035058
0.152847
0.0573316
0.0489181
0.13915
0.189246
0.0990613
0.00809681
0.0459042
0.045541
0.0561511
0.0184898
0.0482408
0.057611
0.136256
0.0643232
0.0573057
0.00788381
0.164738
0.0174527
0.0406381
0.157383
0.0593993
0.0454038
0.0453791
0.131403
0.0792638
0.123541
0.0466017
0.167499
0.0900983
0.0705585
0.0741551
0.159079
0.0769136
0.00404728
0.110823
0.0479309
0.104552
0.0387415
0.0804672
0.123286
0.0807809
0.102891
0.187469
0.0661165
0.0462456
0.205803
0.0343201
0.107699
0.147739
0.083438
0.0459308
0.155795
0.0653661
0.0431545
0.0272099
0.0845614
0.109113
0.0800581
0.0970074
0.00446379
0.0106708
0.0547949
0.0134322
0.171921
0.0788501
0.130899
0.0542967
0.114379
0.128041
0.196594
0.0744799
0.0522345
0.143237
0.0967501
0.0568445
0.0954298
0.0213749
0.205745
0.0897579
0.0156897
0.0923051
0.131022
0.0209768
0.058501
0.0681146
0.0390376
0.0606051
0.00310406
0.0918192
0.207732
0.0356523
0.131406
0.0475259
0.0911134
0.0141638
0.0119161
0.0563297
0.0925128
0.0340577
0.0286462
0.156143
0.0966985
0.169327
0.0311342
0.129317
0.0618546
0.171918
0.0463542
0.152537
0.0170509
0.042166
0.0541944
0.152369
0.0184079
0.0224021
0.0717283
0.0298215
0.172398
0.0363151
0.109748
0.00922908
0.00633574
0.0427192
0.0886609
0.0264536
0.0687581
0.0356527
0.0585886
0.138603
0.155882
0.0890608
0.0230894
0.0563158
0.0809806
0.05476
0.0672161
0.0244629
0.0987642
0.216617
0.0345638
0.150901
0.178473
0.146743
0.0269891
0.0123691
0.0205363
0.0128216
0.0640805
0.0621066
0.033545
0.124821
0.0704056
0.111458
0.0908442
0.00385529
0.124721
0.0447763
0.0462812
0.125922
0.0720582
0.0897061
0.118538
0.0190095
0.123626
0.137164
0.0426174
0.00959182
0.0149105
0.166195
0.0414693
0.0859949
0.107602
0.147051
0.0948493
0.0681579
0.00344749
0.111491
0.0496342
0.0731115
0.0487955
0.0849807
0.0643915
0.17418
0.0380887
0.215877
0.0410156
0.0568381
0.00530696
0.0850621
0.0806993
0.047858
0.0664818
0.127854
0.139281
