0.0732472
0.0879558
0.0307609
0.080426
0.121329
0.125456
0.196133
0.116522
0.0420371
0.0682116
0.199002
0.0648984
0.204937
0.101882
0.18368
0.0696948
0.00605244
0.132807
0.0538886
0.045572
0.127782
0.00866268
0.182398
0.0656202
0.028086
0.0542207
0.0982827
0.109512
0.075688
0.00909847
0.102765
0.040304
0.13265
0.0693054
0.125237
0.0767584
0.0463234
0.0975968
0.00495713
0.0491302
0.0690666
0.0176451
0.0711584
0.185671
0.0938284
0.0851216
0.144917
0.0856702
0.0443805
0.0154583
0.130829
0.0319546
0.0362888
0.117642
0.10641
0.00679711
0.0753798
0.0105307
0.123526
0.0984128
0.0709108
0.181728
0.0969371
0.117536
0.0891435
0.0936429
0.113823
0.00616409
0.0647394
0.018144
0.0787861
0.0611155
0.0856343
0.142044
0.116854
0.0195161
0.0911538
0.0178157
0.033999
0.1707
0.0364268
0.0459692
0.0065194
0.0179997
0.0671889
0.00151886
0.00890834
0.0261893
0.0491743
0.0389262
0.0792255
0.124995
0.0359612
0.0175569
0.0645318
0.0367026
0.121776
0.0568429
0.0466866
0.0310241
0.116949
0.0762209
0.0119516
0.0281691
0.138081
0.152045
0.116911
0.0162076
0.156194
0.0449684
0.0732576
0.0959669
0.0380761
0.0154941
0.162252
0.13672
0.0385696
0.027187
0.209829
0.0488976
0.0459038
0.0979555
0.137555
0.163143
0.109343
0.0430723
0.113906
0.119352
0.00184325
0.0452441
0.136105
0.0650958
0.0104174
0.175914
0.0368394
0.215873
0.0016775
0.164474
0.0937352
0.11153
0.0615427
0.157948
0.0408655
0.0165323
0.0894452
0.0562638
0.0771631
0.0240863
0.114619
0.060643
0.050207
0.0847962
0.18077
0.0593585
0.00890712
0.0122282
0.116046
0.0679193
0.0598498
0.0970401
0.0168659
0.0563708
0.119058
0.0976726
0.0376987
0.186155
0.0430086
0.0708678
0.0617148
0.0841338
0.0693588
0.0161322
0.0502802
0.123931
0.00489049
0.118455
0.156013
0.116927
0.0984109
0.0758335
0.0330421
0.0577478
0.0707646
0.0375749
0.151216
0.0678271
0.0641659
0.0391415
0.128399
0.119357
0.0910639
0.0933855
0.00983596
0.112145
0.0169712
0.110785
0.0659566
0.101516
0.015778
0.149592
0.0432252
0.136993
0.100276
0.127034
0.157346
0.179166
0.0144827
0.185685
0.0314913
0.18463
0.0717165
0.0483897
0.101729
0.111122
0.0805045
0.0183403
0.119921
0.126633
0.113336
0.16234
0.18423
0.0417735
0.103652
0.0694915
0.0277443
0.080312
0.0161878
0.0336155
0.0619457
0.0623356
0.086907
0.0178107
0.105901
0.00266392
0.129998
0.140527
0.149853
0.0179882
0.0220689
0.111528
0.0723828
0.0957047
0.0667577
0.0283139
0.0684698
0.0860061
0.0876743
0.0484417
0.0383438
0.0450933
0.144293
0.0333808
0.0441496
0.0543142
0.123482
0.0210858
0.144553
0.0724781
0.0329144
0.112867
0.0306278
0.0842881
0.0191095
0.194842
0.0829932
0.05116
0.145724
0.0330682
0.00785511
0.0761056
0.030523
0.0917022
0.124005
0.111246
0.0431181
0.0776775
0.00721672
0.0566165
0.0672151
0.120386
0.0926633
0.0864011
0.0220426
0.0397347
0.124303
0.0164498
0.165787
0.188123
0.0617144
0.0326059
0.141762
0.119367
0.0329423
0.116094
0.155357
0.0999943
0.148189
0.112522
0.0335361
0.0775263
0.10994
0.140564
0.182196
0.0379639
0.0611602
0.15868
0.0864006
0.142016
0.0668166
0.00219573
0.104382
0.0678652
0.155685
0.0446405
0.163622
0.154476
0.0257675
0.133124
0.0615837
0.104342
0.0398791
0.00415119
0.087028
0.161754
0.0477788
0.0184555
0.102478
0.0337987
0.0113376
0.180293
0.0481839
0.0643843
0.115615
0.206252
0.184787
0.00870999
0.135352
0.203781
0.0510843
0.100284
0.0447797
0.149036
0.1665
0.0185379
0.0450512
0.0761906
0.114362
0.0226006
0.0419469
0.0673781
0.149292
0.00731044
0.0475711
0.112087
0.0817672
0.0488831
0.00643944
0.0380831
0.0198686
0.0551029
0.0066382
0.148625
0.0495009
0.026794
0.0666346
0.147022
0.142408
0.0296285
0.0882288
0.00942889
0.0807701
0.0397372
0.0577907
0.0551879
0.0528669
0.0564164
0.0426057
0.118612
0.0514342
0.0490139
0.146297
0.0682808
0.00496555
0.0180201
0.0495687
0.0168713
0.16393
0.0236273
0.0527037
0.0150128
0.130712
0.0433443
0.0640112
0.0310129
0.126814
0.10684
0.100142
0.0150704
0.00966373
0.0930592
0.0356412
0.038136
0.174682
0.065159
0.130052
0.0327274
0.013667
0.0771305
0.102832
0.160457
0.0677878
0.161426
0.125208
0.0814498
0.156016
0.095402
0.0573828
0.0658571
0.121417
0.0730739
0.0341426
0.0752352
0.112547
0.0430744
0.0499898
0.01342
0.036658
0.0960099
0.0447113
0.0266026
0.0336486
0.109041
0.0711349
0.0768567
0.130833
0.0383746
0.085364
0.057798
0.0821679
0.0223105
0.0914336
0.0280763
0.0923361
0.121129
0.0180254
0.0651271
0.0732463
0.0725078
0.161028
0.0838713
0.0697382
0.11677
0.0304303
0.0740144
0.0590288
0.0841995
0.110798
0.0858268
0.114369
0.133878
0.179303
0.0552682
0.0122579
0.0815241
0.0555855
0.1166
0.0854286
0.0359725
0.0302003
0.052393
0.0656512
0.10865
0.0693509
0.135312
0.0258643
0.176513
0.0300921
0.163056
0.109522
0.0431648
0.0936281
0.14908
0.010989
0.0774361
0.0798455
0.0881158
0.070352
0.140328
0.123872
0.0813834
0.0547122
0.175154
0.0784697
0.0322507
0.0231654
0.0597873
0.0795333
0.116397
0.00201236
0.0189009
0.0339476
0.0680061
0.104488
0.0288362
0.0869117
0.114757
0.0969148
0.141781
0.103431
0.102207
0.00956042
0.0227966
0.142971
0.0937372
0.0529362
0.0070993
0.174207
0.059064
0.10385
0.0196408
0.118798
0.0404064
0.127545
0.0620811
0.0162342
0.0329196
0.14065
0.0216026
0.0278683
0.138053
0.0467919
0.110355
0.00473581
0.0397791
0.0397515
0.0689495
0.114774
0.12328
0.180258
0.0796529
0.0138083
0.0400179
0.0483194
0.0230872
0.0457407
0.0262256
0.0577073
0.0325185
0.0110344
0.0465191
0.0398218
0.0166068
0.161375
0.0874296
0.0618733
0.0186346
0.0664201
0.0902076
0.0989993
0.101213
0.161213
0.0875819
0.020015
0.172438
0.0508059
0.163706
0.0247589
0.0883993
0.00832668
0.00611533
0.181315
0.0296849
0.150704
0.11378
0.189943
0.0920599
0.106943
0.131475
0.198477
0.167803
0.107286
0.0682244
0.0578917
0.0545635
0.0234871
0.0217152
0.0121882
0.182875
0.172891
0.0149719
0.0379645
0.0676385
0.0315925
0.0290501
0.109152
0.076993
0.117241
0.0604226
0.202952
0.0635665
0.0117585
0.17434
0.0753278
0.010885
0.0342941
0.110202
0.0917179
0.0343734
0.016892
0.194562
0.206655
0.0806268
0.00996743
0.0636867
0.112306
0.069812
0.0578903
0.0358788
0.0998477
0.157635
0.0420655
0.0506219
0.0935037
0.033785
0.103653
0.098025
0.164404
0.117764
0.162849
0.0420172
0.00971822
0.0165128
0.0131339
0.178077
0.0443559
0.00624984
0.117404
0.00507162
0.0623264
0.193764
0.197258
0.0419758
0.0516978
0.190061
0.110117
0.0484527
0.148169
0.186303
0.040746
0.071573
0.13099
0.0775408
0.114154
0.130482
0.047615
0.0127574
0.0103504
0.0825447
0.0362085
0.142925
0.0840361
0.0144269
0.0957726
0.181237
0.028498
0.100726
0.0748884
0.0501658
0.0961445
0.0646197
0.0178445
0.188949
0.0642811
0.151138
0.0574052
0.105858
0.180708
0.121182
0.0533366
0.00181963
0.0650421
0.0490281
0.0325096
0.151072
0.0464409
0.0618565
0.203669
0.0399567
0.0913682
0.125431
0.0561894
0.0144791
0.105098
0.138754
0.0223859
0.0192037
0.0100078
0.0663537
0.164482
0.133125
0.0114253
0.0297095
0.123762
0.0153317
0.0804555
0.0391698
0.0824058
0.053352
0.0301485
0.0666682
0.0411354
0.0643818
0.0528195
0.0814306
0.125124
0.123666
0.118909
0.0479567
0.0197101
0.0222881
0.11383
0.0940539
0.170844
0.0112489
0.0420881
0.0796831
0.151768
0.0290153
0.017912
0.101545
0.03271
0.0840821
0.0490408
0.0318516
0.112651
0.0705051
0.0282992
0.0249395
0.0730785
0.0959714
0.133028
0.0494454
0.0138758
0.0438797
0.0703992
0.0890191
0.0762711
0.0322515
0.041265
0.0486724
0.0623267
0.06309
0.0219889
0.0474357
0.0778223
0.0466354
0.0969658
0.212052
0.0455793
0.0937032
0.0221679
0.0156422
0.0825798
0.0491123
0.173244
0.0751506
0.114592
0.114395
0.0371531
0.125245
0.0100897
0.0371565
0.187848
0.0218651
0.103566
0.0226799
0.0428035
0.018842
0.0584164
0.0788615
0.0955637
0.0961753
0.0249807
0.0652263
0.00139949
0.0279382
0.0168063
0.0337542
0.0288315
0.0818857
0.186353
0.16798
0.0203792
0.106726
0.0431998
0.0680707
0.129484
0.0242331
0.0665453
0.097446
0.0138088
0.0934014
0.0478779
0.0261647
0.0751662
0.0781577
0.0690344
0.16874
0.0908203
0.0771128
0.0243548
0.0711607
0.0520743
0.0532231
0.0296984
0.0684114
0.000320718
0.101122
0.0842666
0.0449379
0.0039973
0.0537139
0.0104927
0.0909239
0.22256
0.131554
0.0384279
0.0517114
0.043614
0.0548564
0.161148
0.00539743
0.0660002
0.00882996
0.025799
0.0498324
0.0570406
0.169532
0.0732588
0.111077
0.0125014
0.0475764
0.0870567
0.0887607
0.0428448
0.00528641
0.0962324
0.174427
0.0113984
0.0801125
0.045834
0.0718731
0.0914457
0.0413986
0.134163
0.103913
0.150725
0.0525972
0.0769591
0.0690407
0.0665276
0.115937
0.118493
0.117143
0.0829881
0.12094
0.090282
0.12384
0.171012
0.10684
0.0705769
0.0110241
0.0804064
0.0529399
0.0767557
0.0291592
0.0676042
0.0979234
0.135497
0.00415493
0.0741735
0.0148304
0.0952564
0.0315615
0.00672658
0.0743543
0.123823
0.205932
0.0294786
0.0820639
0.0392565
0.00922486
0.0184654
0.0271107
0.0528427
0.0870782
0.116765
0.0210715
0.0453128
0.062887
0.0488427
0.18827
0.203029
0.130152
0.033551
0.0694802
0.0641974
0.091118
0.132865
0.0286123
0.00651282
0.189118
0.163658
0.0201484
0.0599183
0.0857953
0.0303795
0.0921625
0.0375428
0.181991
0.153846
0.0854459
0.0821833
0.11805
0.033564
0.0490111
0.108948
0.0162605
0.0411602
0.0164586
0.0695121
0.0830231
0.0225156
0.136422
0.136495
0.0124094
0.0771546
0.050363
0.0676011
0.0446104
0.0981317
0.0132999
0.0888308
0.0499433
0.105594
0.0721552
0.0988777
0.0407006
0.0558459
0.0879201
0.0577845
0.163238
0.0692685
0.142272
0.160173
0.0503037
0.0302776
0.00116885
0.0343514
0.123012
0.0526963
0.0931605
0.0897311
0.0273054
0.189293
0.0147257
0.0090366
0.0597491
0.0476012
0.0732472
0.0879558
0.0307609
0.080426
0.121329
0.125456
0.196133
0.116522
0.0420371
0.0682116
0.199002
0.0648984
0.204937
0.101882
0.18368
0.0696948
0.00605244
0.132807
0.0538886
0.045572
0.127782
0.00866268
0.182398
0.0656202
0.028086
0.0542207
0.0982827
0.109512
0.075688
0.00909847
0.102765
0.040304
0.13265
0.0693054
0.125237
0.0767584
0.0463234
0.0975968
0.00495713
0.0491302
0.0690666
0.0176451
0.0711584
0.185671
0.0938284
0.0851216
0.144917
0.0856702
0.0443805
0.0154583
0.130829
0.0319546
0.0362888
0.117642
0.10641
0.00679711
0.0753798
0.0105307
0.123526
0.0984128
0.0709108
0.181728
0.0969371
0.117536
0.0891435
0.0936429
0.113823
0.00616409
0.0647394
0.018144
0.0787861
0.0611155
0.0856343
0.142044
0.116854
0.0195161
0.0911538
0.0178157
0.033999
0.1707
0.0364268
0.0459692
0.0065194
0.0179997
0.0671889
0.00151886
0.00890834
0.0261893
0.0491743
0.0389262
0.0792255
0.124995
0.0359612
0.0175569
0.0645318
0.0367026
0.121776
0.0568429
0.0466866
0.0310241
0.116949
0.0762209
0.0119516
0.0281691
0.138081
0.152045
0.116911
0.0162076
0.156194
0.0449684
0.0732576
0.0959669
0.0380761
0.0154941
0.162252
0.13672
0.0385696
0.027187
0.209829
0.0488976
0.0459038
0.0979555
0.137555
0.163143
0.109343
0.0430723
0.113906
0.119352
0.00184325
0.0452441
0.136105
0.0650958
0.0104174
0.175914
0.0368394
0.215873
0.0016775
0.164474
0.0937352
0.11153
0.0615427
0.157948
0.0408655
0.0165323
0.0894452
0.0562638
0.0771631
0.0240863
0.114619
0.060643
0.050207
0.0847962
0.18077
0.0593585
0.00890712
0.0122282
0.116046
0.0679193
0.0598498
0.0970401
0.0168659
0.0563708
0.119058
0.0976726
0.0376987
0.186155
0.0430086
0.0708678
0.0617148
0.0841338
0.0693588
0.0161322
0.0502802
0.123931
0.00489049
0.118455
0.156013
0.116927
0.0984109
0.0758335
0.0330421
0.0577478
0.0707646
0.0375749
0.151216
0.0678271
0.0641659
0.0391415
0.128399
0.119357
0.0910639
0.0933855
0.00983596
0.112145
0.0169712
0.110785
0.0659566
0.101516
0.015778
0.149592
0.0432252
0.136993
0.100276
0.127034
0.157346
0.179166
0.0144827
0.185685
0.0314913
0.18463
0.0717165
0.0483897
0.101729
0.111122
0.0805045
0.0183403
0.119921
0.126633
0.113336
0.16234
0.18423
0.0417735
0.103652
0.0694915
0.0277443
0.080312
0.0161878
0.0336155
0.0619457
0.0623356
0.086907
0.0178107
0.105901
0.00266392
0.129998
0.140527
0.149853
0.0179882
0.0220689
0.111528
0.0723828
0.0957047
0.0667577
0.0283139
0.0684698
0.0860061
0.0876743
0.0484417
0.0383438
0.0450933
0.144293
0.0333808
0.0441496
0.0543142
0.123482
0.0210858
0.144553
0.0724781
0.0329144
0.112867
0.0306278
0.0842881
0.0191095
0.194842
0.0829932
0.05116
0.145724
0.0330682
0.00785511
0.0761056
0.030523
0.0917022
0.124005
0.111246
0.0431181
0.0776775
0.00721672
0.0566165
0.0672151
0.120386
0.0926633
0.0864011
0.0220426
0.0397347
0.124303
0.0164498
0.165787
0.188123
0.0617144
0.0326059
0.141762
0.119367
0.0329423
0.116094
0.155357
0.0999943
0.148189
0.112522
0.0335361
0.0775263
0.10994
0.140564
0.182196
0.0379639
0.0611602
0.15868
0.0864006
0.142016
0.0668166
0.00219573
0.104382
0.0678652
0.155685
0.0446405
0.163622
0.154476
0.0257675
0.133124
0.0615837
0.104342
0.0398791
0.00415119
0.087028
0.161754
0.0477788
0.0184555
0.102478
0.0337987
0.0113376
0.180293
0.0481839
0.0643843
0.115615
0.206252
0.184787
0.00870999
0.135352
0.203781
0.0510843
0.100284
0.0447797
0.149036
0.1665
0.0185379
0.0450512
0.0761906
0.114362
0.0226006
0.0419469
0.0673781
0.149292
0.00731044
0.0475711
0.112087
0.0817672
0.0488831
0.00643944
0.0380831
0.0198686
0.0551029
0.0066382
0.148625
0.0495009
0.026794
0.0666346
0.147022
0.142408
0.0296285
0.0882288
0.00942889
0.0807701
0.0397372
0.0577907
0.0551879
0.0528669
0.0564164
0.0426057
0.118612
0.0514342
0.0490139
0.146297
0.0682808
0.00496555
0.0180201
0.0495687
0.0168713
0.16393
0.0236273
0.0527037
0.0150128
0.130712
0.0433443
0.0640112
0.0310129
0.126814
0.10684
0.100142
0.0150704
0.00966373
0.0930592
0.0356412
0.038136
0.174682
0.065159
0.130052
0.0327274
0.013667
0.0771305
0.102832
0.160457
0.0677878
0.161426
0.125208
0.0814498
0.156016
0.095402
0.0573828
0.0658571
0.121417
0.0730739
0.0341426
0.0752352
0.112547
0.0430744
0.0499898
0.01342
0.036658
0.0960099
0.0447113
0.0266026
0.0336486
0.109041
0.0711349
0.0768567
0.130833
0.0383746
0.085364
0.057798
0.0821679
0.0223105
0.0914336
0.0280763
0.0923361
0.121129
0.0180254
0.0651271
0.0732463
0.0725078
0.161028
0.0838713
0.0697382
0.11677
0.0304303
0.0740144
0.0590288
0.0841995
0.110798
0.0858268
0.114369
0.133878
0.179303
0.0552682
0.0122579
0.0815241
0.0555855
0.1166
0.0854286
0.0359725
0.0302003
0.052393
0.0656512
0.10865
0.0693509
0.135312
0.0258643
0.176513
0.0300921
0.163056
0.109522
0.0431648
0.0936281
0.14908
0.010989
0.0774361
0.0798455
0.0881158
0.070352
0.140328
0.123872
0.0813834
0.0547122
0.175154
0.0784697
0.0322507
0.0231654
0.0597873
0.0795333
0.116397
0.00201236
0.0189009
0.0339476
0.0680061
0.104488
0.0288362
0.0869117
0.114757
0.0969148
0.141781
0.103431
0.102207
0.00956042
0.0227966
0.142971
0.0937372
0.0529362
0.0070993
0.174207
0.059064
0.10385
0.0196408
0.118798
0.0404064
0.127545
0.0620811
0.0162342
0.0329196
0.14065
0.0216026
0.0278683
0.138053
0.0467919
0.110355
0.00473581
0.0397791
0.0397515
0.0689495
0.114774
0.12328
0.180258
0.0796529
0.0138083
0.0400179
0.0483194
0.0230872
0.0457407
0.0262256
0.0577073
0.0325185
0.0110344
0.0465191
0.0398218
0.0166068
0.161375
0.0874296
0.0618733
0.0186346
0.0664201
0.0902076
0.0989993
0.101213
0.161213
0.0875819
0.020015
0.172438
0.0508059
0.163706
0.0247589
0.0883993
0.00832668
0.00611533
0.181315
0.0296849
0.150704
0.11378
0.189943
0.0920599
0.106943
0.131475
0.198477
0.167803
0.107286
0.0682244
0.0578917
0.0545635
0.0234871
0.0217152
0.0121882
0.182875
0.172891
0.0149719
0.0379645
0.0676385
0.0315925
0.0290501
0.109152
0.076993
0.117241
0.0604226
0.202952
0.0635665
0.0117585
0.17434
0.0753278
0.010885
0.0342941
0.110202
0.0917179
0.0343734
0.016892
0.194562
0.206655
0.0806268
0.00996743
0.0636867
0.112306
0.069812
0.0578903
0.0358788
0.0998477
0.157635
0.0420655
0.0506219
0.0935037
0.033785
0.103653
0.098025
0.164404
0.117764
0.162849
0.0420172
0.00971822
0.0165128
0.0131339
0.178077
0.0443559
0.00624984
0.117404
0.00507162
0.0623264
0.193764
0.197258
0.0419758
0.0516978
0.190061
0.110117
0.0484527
0.148169
0.186303
0.040746
0.071573
0.13099
0.0775408
0.114154
0.130482
0.047615
0.0127574
0.0103504
0.0825447
0.0362085
0.142925
0.0840361
0.0144269
0.0957726
0.181237
0.028498
0.100726
0.0748884
0.0501658
0.0961445
0.0646197
0.0178445
0.188949
0.0642811
0.151138
0.0574052
0.105858
0.180708
0.121182
0.0533366
0.00181963
0.0650421
0.0490281
0.0325096
0.151072
0.0464409
0.0618565
0.203669
0.0399567
0.0913682
0.125431
0.0561894
0.0144791
0.105098
0.138754
0.0223859
0.0192037
0.0100078
0.0663537
0.164482
0.133125
0.0114253
0.0297095
0.123762
0.0153317
0.0804555
0.0391698
0.0824058
0.053352
0.0301485
0.0666682
0.0411354
0.0643818
0.0528195
0.0814306
0.125124
0.123666
0.118909
0.0479567
0.0197101
0.0222881
0.11383
0.0940539
0.170844
0.0112489
0.0420881
0.0796831
0.151768
0.0290153
0.017912
0.101545
0.03271
0.0840821
0.0490408
0.0318516
0.112651
0.0705051
0.0282992
0.0249395
0.0730785
0.0959714
0.133028
0.0494454
0.0138758
0.0438797
0.0703992
0.0890191
0.0762711
0.0322515
0.041265
0.0486724
0.0623267
0.06309
0.0219889
0.0474357
0.0778223
0.0466354
0.0969658
0.212052
0.0455793
0.0937032
0.0221679
0.0156422
0.0825798
0.0491123
0.173244
0.0751506
0.114592
0.114395
0.0371531
0.125245
0.0100897
0.0371565
0.187848
0.0218651
0.103566
0.0226799
0.0428035
0.018842
0.0584164
0.0788615
0.0955637
0.0961753
0.0249807
0.0652263
0.00139949
0.0279382
0.0168063
0.0337542
0.0288315
0.0818857
0.186353
0.16798
0.0203792
0.106726
0.0431998
0.0680707
0.129484
0.0242331
0.0665453
0.097446
0.0138088
0.0934014
0.0478779
0.0261647
0.0751662
0.0781577
0.0690344
0.16874
0.0908203
0.0771128
0.0243548
0.0711607
0.0520743
0.0532231
0.0296984
0.0684114
0.000320718
0.101122
0.0842666
0.0449379
0.0039973
0.0537139
0.0104927
0.0909239
0.22256
0.131554
0.0384279
0.0517114
0.043614
0.0548564
0.161148
0.00539743
0.0660002
0.00882996
0.025799
0.0498324
0.0570406
0.169532
0.0732588
0.111077
0.0125014
0.0475764
0.0870567
0.0887607
0.0428448
0.00528641
0.0962324
0.174427
0.0113984
0.0801125
0.045834
0.0718731
0.0914457
0.0413986
0.134163
0.103913
0.150725
0.0525972
0.0769591
0.0690407
0.0665276
0.115937
0.118493
0.117143
0.0829881
0.12094
0.090282
0.12384
0.171012
0.10684
0.0705769
0.0110241
0.0804064
0.0529399
0.0767557
0.0291592
0.0676042
0.0979234
0.135497
0.00415493
0.0741735
0.0148304
0.0952564
0.0315615
0.00672658
0.0743543
0.123823
0.205932
0.0294786
0.0820639
0.0392565
0.00922486
0.0184654
0.0271107
0.0528427
0.0870782
0.116765
0.0210715
0.0453128
0.062887
0.0488427
0.18827
0.203029
0.130152
0.033551
0.0694802
0.0641974
0.091118
0.132865
0.0286123
0.00651282
0.189118
0.163658
0.0201484
0.0599183
0.0857953
0.0303795
0.0921625
0.0375428
0.181991
0.153846
0.0854459
0.0821833
0.11805
0.033564
0.0490111
0.108948
0.0162605
0.0411602
0.0164586
0.0695121
0.0830231
0.0225156
0.136422
0.136495
0.0124094
0.0771546
0.050363
0.0676011
0.0446104
0.0981317
0.0132999
0.0888308
0.0499433
0.105594
0.0721552
0.0988777
0.0407006
0.0558459
0.0879201
0.0577845
0.163238
0.0692685
0.142272
0.160173
0.0503037
0.0302776
0.00116885
0.0343514
0.123012
0.0526963
0.0931605
0.0897311
0.0273054
0.189293
0.0147257
0.0090366
0.0597491
0.0476012
0.119804
0.0241105
0.0254258
0.0305667
0.045268
0.0693672
0.0857412
0.112063
0.0151771
0.045891
0.0330789
0.0560188
0.0324957
0.083508
0.0113143
0.132914
0.0782912
0.0310462
0.030483
0.0778677
0.100993
0.129544
0.0498194
0.05827
0.111121
0.081036
0.016724
0.028338
0.0318418
0.057545
0.0370568
0.125284
0.165859
0.0748678
0.0396852
0.0896566
0.00182195
0.0380417
0.0929093
0.0797019
0.0132213
0.050508
0.0449994
0.0465351
0.184195
0.0337909
0.0127507
0.0508815
0.0112429
0.197021
0.0288518
0.137402
0.17186
0.0170496
0.119951
0.228421
0.134651
0.0881604
0.111701
0.0509055
0.0435099
0.126039
0.0413242
0.102194
0.026057
0.193513
0.0453311
0.0961851
0.00767156
0.0348666
0.0309428
0.155478
0.098591
0.0293545
0.0271782
0.0505128
0.101121
0.00277429
0.0360587
0.081102
0.0559923
0.0263627
0.00712534
0.0673448
0.0961853
0.131217
0.0860422
0.0225456
0.0411706
0.135205
0.0605285
0.0958815
0.0567434
0.0548955
0.0734189
0.0496978
0.0331656
0.150295
0.0248988
0.101612
0.0335941
0.0266494
0.0846748
0.0846063
0.080889
0.0389886
0.0635326
0.100949
0.112722
0.020176
0.0895899
0.0442656
0.0781496
0.14802
0.103183
0.0259502
0.0401588
0.03945
0.0691568
0.0553098
0.037106
0.0501034
0.107338
0.0534069
0.0584932
0.0222005
0.0185302
0.120026
0.0300296
0.089645
0.0186343
0.0261875
0.0619402
0.00795124
0.162856
0.0600627
0.135522
0.0460871
0.134927
0.0915206
0.00414634
0.0852486
0.106072
0.126207
0.0818097
0.0522376
0.138092
0.0324543
0.00141257
0.0888837
0.0509066
0.0637272
0.0135829
0.0266096
0.0353897
0.120471
0.10422
0.074911
0.0996681
0.139666
0.0560332
0.0417222
0.0698368
0.161748
0.159459
0.0353229
0.118328
0.0598617
0.05078
0.0777689
0.0472025
0.0546778
0.0506352
0.0920941
0.0724191
0.122204
0.170892
0.0867359
0.0139707
0.104151
0.0150148
0.042391
0.00400389
0.0184459
0.0209114
0.107712
0.166908
0.1051
0.0742073
0.0760259
0.070977
0.00655423
0.00373978
0.0747741
0.197657
0.0797793
0.151809
0.0859034
0.0318195
0.0597814
0.12102
0.0419458
0.0168514
0.118287
0.0424518
0.0176915
0.0856362
0.0628701
0.130924
0.0533447
0.0838127
0.0397323
0.0843394
0.0807937
0.0674833
0.0285699
0.0571428
0.0460767
0.0777143
0.19792
0.109849
0.0983136
0.0111213
0.0141396
0.0260233
0.0117106
0.108575
0.0317784
0.173803
0.164851
0.101857
0.0160831
0.13177
0.053773
0.0509988
0.0226448
0.129705
0.0991111
0.0501028
0.166174
0.0595496
0.146019
0.0294396
0.167862
0.0381423
0.136831
0.139898
0.0809642
0.0748459
0.135649
0.14338
0.086458
0.0913435
0.0459748
0.0185908
0.135708
0.0221343
0.096636
0.0462291
0.170634
0.0645063
0.0260145
0.0846538
0.166303
0.00383391
0.0935919
0.0756144
0.174917
0.0272757
0.0559386
0.0193317
0.0673833
0.165292
0.0879394
0.105179
0.0134146
0.110159
0.0756224
0.0114934
0.154147
0.151165
0.0701192
0.0960602
0.109922
0.157063
0.0114559
0.0146075
0.0785598
0.0904902
0.110347
0.0507228
0.197929
0.0961831
0.0720537
0.00911602
0.0946564
0.155497
0.19536
0.111228
0.0247661
0.0156244
0.131971
0.0378718
0.194253
0.0662266
0.0855909
0.143662
0.0774107
0.0277409
0.0895683
0.125381
0.117275
0.150535
0.163201
0.201695
0.041564
0.0413876
0.0822509
0.149968
0.0393299
0.049968
0.0663545
0.0776463
0.120529
0.0330735
0.0281918
0.0744468
0.139857
0.114197
0.0979896
0.0547756
0.0433849
0.06605
0.131571
0.081126
0.0308049
0.0600629
0.0809336
0.199264
0.0131909
0.0883459
0.0962236
0.150071
0.017879
0.0166144
0.1603
0.09454
0.194752
0.0970356
0.158868
0.126254
0.141638
0.120071
0.0530094
0.112991
0.0701875
0.0453316
0.171653
0.0621481
0.0411863
0.0674927
0.101802
0.12213
0.0747297
0.113846
0.0104801
0.0262757
0.143349
0.106498
0.118741
0.115215
0.0640459
0.0146879
0.205816
0.220168
0.0112976
0.0348719
0.0482238
0.153483
0.0488454
0.0373179
0.123923
0.0405395
0.0933322
0.0938182
0.145864
0.0255291
0.0665807
0.145922
0.126004
0.0447062
0.123583
0.115064
0.0787093
0.0375036
0.140389
0.0840696
0.142782
0.120765
0.0567008
0.0520544
0.115764
0.0678393
0.0353592
0.0300762
0.0521384
0.0186261
0.0988392
0.0138776
0.0713452
0.0490581
0.0605012
0.024184
0.209495
0.0986161
0.0776817
0.0471481
0.0580047
0.0578323
0.196623
0.215315
0.198866
0.073123
0.070702
0.0345316
0.123243
0.0344865
0.0518701
0.0707351
0.0126904
0.00997915
0.0859248
0.0158628
0.101973
0.0150223
0.159213
0.123066
0.133523
0.165562
0.0360552
0.017431
0.155044
0.0675238
0.216208
0.119161
0.0778396
0.042336
0.0452306
0.0668484
0.184195
0.0204269
0.181754
0.0729823
0.0385884
0.0976477
0.106164
0.141264
0.142662
0.0408244
0.0361643
0.0685701
0.0599246
0.0151539
0.0351122
0.12756
0.0127204
0.052182
0.0478603
0.148091
0.0229249
0.00266057
0.131128
0.0338261
0.0951759
0.0581937
0.00485928
0.161894
0.00548413
0.165609
0.0626009
0.0696404
0.068698
0.0904294
0.043398
0.125011
0.118744
0.0472691
0.0481351
0.0191852
0.0778629
0.0290244
0.21438
0.0652535
0.106099
0.00575088
0.059084
0.133537
0.149966
0.0188333
0.112149
0.0536566
0.013868
0.0417916
0.102559
0.104561
0.0737178
0.0549951
0.157222
0.0680309
0.185599
0.0095117
0.0293454
0.0729124
0.125201
0.0857576
0.167286
0.00710629
0.0789661
0.0592626
0.0395235
0.122969
0.0718399
0.0933337
0.0187542
0.0465346
0.110398
0.0694983
0.0487708
0.0405098
0.0560025
0.0609514
0.0242781
0.0436886
0.0268965
0.182505
0.00578195
0.0208579
0.0619051
0.102024
0.00418537
0.106712
0.20642
0.0494445
0.035889
0.0314405
0.208588
0.0187073
0.0467426
0.00206781
0.0716388
0.0368464
0.129577
0.0209547
0.103259
0.0873377
0.139481
0.0252494
0.0469945
0.0349947
0.0983676
0.0501616
0.0885572
0.0356866
0.0706563
0.132663
0.0323542
0.133211
0.0517168
0.1234
0.054289
0.0165146
0.00870802
0.05432
0.172982
0.0344656
0.10839
0.164221
0.0223753
0.0150087
0.195277
0.207991
0.0788005
0.0649613
0.0725541
0.110594
0.00394152
0.0330677
0.109004
0.148245
0.0732287
0.0557525
0.15703
0.0582446
0.0316609
0.0183105
0.0935434
0.0205617
0.0851088
0.110688
0.0757738
0.213867
0.114868
0.0379556
0.0640222
0.058568
0.0534291
0.0917333
0.0780739
0.0506101
0.15713
0.131676
0.0504766
0.0572251
0.0311345
0.0810404
0.0322866
0.138643
0.0811983
0.10526
0.0269027
0.0286629
0.0178617
0.14817
0.0515942
0.117324
0.0892073
0.175319
0.175609
0.030961
0.00819598
0.0906855
0.162967
0.0535185
0.0674683
0.0921057
0.0187674
0.120954
0.0140471
0.0718141
0.124702
0.143245
0.0746916
0.015612
0.10804
0.113718
0.124153
0.00487483
0.192191
0.00879989
0.040321
0.0984762
0.0626635
0.0531351
0.0220722
0.0970527
0.0693028
0.0217988
0.0166379
0.0537241
0.0889052
0.152672
0.0790618
0.108789
0.082371
0.150637
0.0301556
0.0106654
0.0728186
0.0157808
0.0856768
0.0568678
0.0366719
0.0366579
0.102572
0.0943455
0.182648
0.0315976
0.135813
0.179508
0.0289262
0.119192
0.0848732
0.192072
0.0788945
0.0407183
0.0264921
0.117713
1.25338
0.116712
0.0312311
0.0474892
0.139779
0.0684519
0.0216314
0.0772759
0.0314816
0.136359
0.0160856
0.00134232
0.0702695
0.20296
0.0451372
0.00252233
0.110957
0.209343
0.0746726
0.141473
0.000110705
0.0722713
0.112541
0.0390572
0.0756446
0.0754619
0.0520776
0.0161905
0.0415726
0.0121265
0.0378003
0.00711027
0.0543758
0.0867244
0.0195906
0.105523
0.113031
0.145514
0.199974
0.0364592
0.0915867
0.0590993
0.0677058
0.129081
0.0864674
0.0553555
0.00953192
0.0533476
0.0188731
0.102093
0.159327
0.0331682
0.111099
0.0736609
0.0325591
0.10091
0.0476319
0.0582801
0.0315309
0.052303
0.0901671
0.150931
0.07673
0.102479
0.00818707
0.182014
0.0646491
0.137414
0.0351019
0.00438227
0.167424
0.022966
0.021116
0.031776
0.102776
0.0168223
0.000678084
0.0386387
0.0894507
0.0626548
0.0561266
0.128183
0.124184
0.0854828
0.064494
0.128277
0.0312042
0.161727
0.0365901
0.0752407
0.182036
0.145921
0.101746
0.163102
0.181869
0.0406454
0.0399966
0.140182
0.149269
0.177766
0.0544901
0.0745308
0.175709
0.0606668
0.13757
0.0407787
0.0661453
0.174689
0.042621
0.137154
0.104118
0.0888056
0.0458453
0.0178382
0.18661
0.0227956
0.0145442
0.0997876
0.153314
0.0437345
0.0586628
0.105849
0.00373911
0.0235895
0.0360697
0.0483376
0.0220538
0.0281566
0.0585883
0.00575983
0.0933939
0.0573871
0.0434025
0.0313377
0.116353
0.0424688
0.0770091
0.0314309
0.0528081
0.0156335
0.114005
0.0863122
0.0392535
0.163639
0.114156
0.145318
0.184979
0.0347076
0.0222881
0.0559817
0.0347066
0.0879476
0.0979474
0.12564
0.138358
0.122304
0.0125238
0.0725975
0.156062
0.190412
0.0232834
0.0919321
0.0828839
0.0918879
0.0491308
0.0335263
0.0742991
0.0584324
0.145374
0.140397
0.0869149
0.0214918
0.116922
0.0319322
0.0194202
0.0310246
0.0143374
0.0803868
0.10823
0.0229528
0.0548343
0.210578
0.112319
0.028765
0.0408262
0.183801
0.124178
0.0654849
0.063524
0.0326448
0.102356
0.0774151
0.0996899
0.140938
0.0460258
0.130759
0.0261332
0.00551256
0.0120737
0.119925
0.0754307
0.0937113
0.00637541
0.0291912
0.0521678
0.120439
0.0677075
0.0105248
0.0958167
0.0444685
0.0780914
0.154472
0.0246058
0.03865
0.114064
0.117522
0.00360275
0.0129702
0.195277
0.0616694
0.0407649
0.0817039
0.0529795
0.199806
0.0111748
0.112512
0.188867
0.0550528
0.107605
0.0928786
0.00777828
0.0612237
0.0246949
0.143515
0.0941198
0.0858681
0.094211
0.107023
0.10668
0.0172843
0.0821375
0.156266
0.0511238
0.0480691
0.0114553
0.0576435
0.171353
0.0528312
0.0448222
0.0288103
0.188005
0.0181408
0.126492
0.0314596
0.0937621
0.140545
0.000836825
0.124803
0.0321652
0.0269071
0.0891119
0.0769184
0.0448189
0.139866
0.0907375
0.0921582
0.0818559
0.204972
0.0503712
0.0333478
0.0568702
0.121485
0.0691689
0.0262632
0.0431608
0.193785
0.0730268
0.120674
0.127432
0.0319142
0.000906405
0.177523
0.0517606
0.0112899
0.0882184
0.0706723
0.0998687
0.017294
0.0646324
0.152269
0.123901
0.150011
0.0632609
0.0702133
0.0439971
0.0200205
0.0900966
0.0794368
0.0570517
0.111195
0.0372616
0.176857
0.103255
0.053828
0.167638
0.171087
0.0209373
0.17307
0.0209757
0.151294
0.195438
0.0143667
0.0418041
0.00230342
0.158888
0.181649
0.0681915
0.0936687
0.161546
0.0420431
0.207317
0.071777
0.0856536
0.17262
0.189907
0.180793
0.0965551
0.0181058
0.0594774
0.149841
0.0332148
0.115826
0.0411258
0.061249
0.0555371
0.0201183
0.00348692
0.114131
0.131668
0.0243021
0.000830092
0.158025
0.040065
0.0808119
0.0388648
0.164114
0.0838756
0.0320788
0.156728
0.0695291
0.0145452
0.0173792
0.0356203
0.0376069
0.0144276
0.0239354
