0.0514139
0.134573
0.0268267
0.0168596
0.157736
0.004582
0.216379
0.0190698
0.0514186
0.104055
0.166841
0.0282132
0.0816804
0.0651941
0.0459647
0.183603
0.0296778
0.160862
0.126236
0.1703
0.0871725
0.0206103
0.108871
0.0510943
0.156171
0.140819
0.00590244
0.0768139
0.213602
0.186094
0.205104
0.0702215
0.016883
0.0100116
0.0245742
0.0866945
0.0231532
0.0778885
0.187075
0.0870219
0.126726
0.179781
0.0111314
0.0387645
0.0680229
0.0340013
0.115721
0.00680389
0.100643
0.0633152
0.00328257
0.0832954
0.0457447
0.0606503
0.014189
0.0207702
0.0415855
0.0518195
0.0517741
0.0641105
0.0149736
0.156419
0.185196
0.209203
0.110834
0.0116223
0.0438981
0.144848
0.120892
0.135225
0.125823
0.0975219
0.0975114
0.0482244
0.132279
0.00176916
0.0911226
0.0129425
0.0326894
0.0799777
0.0459371
0.0744027
0.129824
0.0664903
0.0136899
0.124402
0.12732
0.0168569
0.0382082
0.0706116
0.00335848
0.0244027
0.0324842
0.152633
0.013478
0.00536864
0.0894382
0.00959307
0.121734
0.00704283
0.0239143
0.120922
0.0217
0.106519
0.0210172
0.0441555
0.0920388
0.0663505
0.053486
0.169373
0.117726
0.0314077
0.0580378
0.100568
0.0752913
0.0902706
0.0608674
0.040656
0.0421078
0.0131928
0.0319863
0.132484
0.0544521
0.0437539
0.1389
0.144612
0.0560857
0.12174
0.0855514
0.0412703
0.0937423
0.00248632
0.117949
0.0290084
0.149913
0.121571
0.032135
0.0437337
0.0647486
0.0793568
0.134116
0.0241135
0.0755634
0.129533
0.11568
0.0441472
0.00231608
0.0281943
0.111065
0.0201188
0.0568968
0.0341268
0.101623
0.0555841
0.0428836
0.123825
0.0821083
0.0566528
0.111936
0.0913482
0.0682295
0.0550287
0.0129362
0.169092
0.0278916
0.198381
0.1502
0.0499205
0.0407974
0.10174
0.0503813
0.0529359
0.0646775
0.044275
0.069718
0.0284698
0.142424
0.0338913
0.056299
0.0863639
0.0532151
0.161592
0.048028
0.0189421
0.0698799
0.0836338
0.0345381
0.0123767
0.0720716
0.103395
0.0956723
0.0946359
0.0176668
0.0654999
0.0828543
0.062446
0.0804156
0.0818481
0.143392
0.083171
0.0982334
0.0117688
0.0222498
0.18098
0.167795
0.0885141
0.0328021
0.0561175
0.00817121
0.0387233
0.0173622
0.0518104
0.0745311
0.0542763
0.143589
0.0747216
0.0032833
0.0184097
0.0207512
0.010144
0.028818
0.0447504
0.127126
0.0294993
0.162739
0.183035
0.0961915
0.048668
0.10933
0.0499892
0.0231631
0.196429
0.0858402
0.0947398
0.135331
0.0479507
0.0610041
0.00242464
0.0355988
0.0429886
0.0288326
0.139525
0.209833
0.110507
0.0209351
0.101894
0.0486063
0.0436384
0.0409195
0.0751089
0.118044
0.0988743
0.0373063
0.051635
0.0344789
0.0993121
0.0588396
0.0232213
0.0224912
0.19942
0.158561
0.129507
0.0155835
0.0184128
0.0291869
0.0320023
0.0955037
0.143211
0.000553777
0.103359
0.062937
0.132823
0.121347
0.158955
0.0141157
0.029674
0.0745477
0.0523674
0.0335889
0.00581962
0.0876331
0.0119597
0.0483791
0.0723484
0.0660363
0.092479
0.0729253
0.110969
0.0924634
0.0342472
0.0549777
0.0582175
0.0133291
0.0643271
0.00910658
0.112958
0.0995598
0.0451031
0.104003
0.185335
0.199766
0.0424625
0.0770911
0.0732616
0.0547548
0.0832258
0.186303
0.1402
0.0704035
0.110065
0.0829524
0.0125146
0.132567
0.137882
0.139373
0.0565641
0.0246455
0.0315216
0.103864
0.0131721
0.0496123
0.0770373
0.0343345
0.0170861
0.186412
0.138805
0.0250543
0.0443729
0.10324
0.0357291
0.0866449
0.159421
0.143855
0.108642
0.165696
0.0569892
0.0699662
0.0779526
0.0960037
0.0553625
0.0774102
0.0559314
0.121623
0.00441784
0.00477777
0.024712
0.00731313
0.225485
0.0337593
0.103481
0.0143141
0.041037
0.143442
0.0542869
0.0971621
0.0548322
0.126573
0.0432408
0.0431903
0.157861
0.124513
0.0131319
0.0662447
0.00480018
0.0521152
0.00226413
0.095381
0.0393195
0.0974337
0.0931003
0.0683228
0.154707
0.0077996
0.0804625
0.0209373
0.116289
0.187568
0.0134778
0.166091
0.0225772
0.0154738
0.0289629
0.067726
0.0444989
0.00598391
0.138547
0.140073
0.120397
0.045528
0.0758098
0.0428357
0.0642241
0.212293
0.108797
0.111557
0.0216349
0.13281
0.00708639
0.123261
0.108443
0.124091
0.16713
0.0404925
0.12143
0.0383073
0.0751674
0.113815
0.0597598
0.0118185
0.0495038
0.167127
0.127812
0.0488981
0.143588
0.042081
0.101573
0.0270094
0.0580823
0.034238
0.00637718
0.0402209
0.127072
0.189093
0.0882622
0.0104418
0.0619898
0.0440982
0.0350469
0.101004
0.049235
0.0231753
0.0248049
0.0126245
0.00909229
0.14211
0.18052
0.079216
0.0726718
0.112188
0.203368
0.0238898
0.0244673
0.0646633
0.017069
0.123265
0.0418151
0.0117022
0.104352
0.171102
0.118384
0.137597
0.0337762
0.174188
0.00500065
0.129409
0.016147
0.0606016
0.0714348
0.0767716
0.0501083
0.129407
0.00654495
0.0897753
0.116079
0.0467995
0.128266
0.0909909
0.179196
0.0908211
0.0291628
0.118365
0.0918035
0.00550825
0.119961
0.191244
0.138979
0.0800127
0.091884
0.0422496
0.0445819
0.106181
0.0152117
0.0478304
0.0905449
0.152516
0.0417242
0.0772795
0.0651534
0.0896928
0.0146626
0.129694
0.0299016
0.015443
0.117474
0.0943083
0.0553814
0.0129554
0.082965
0.0606956
0.0557976
0.054455
0.0890121
0.218052
0.0525267
0.165373
0.080146
0.0998566
0.0410647
0.0225342
0.0891309
0.00367657
0.105521
0.0312548
0.131269
0.019191
0.0984012
0.0924195
0.154801
0.0886285
0.076292
0.0658878
0.016389
0.0657179
0.153381
0.133003
0.128971
0.07049
0.0229957
0.127781
0.0373782
0.0357447
0.0384329
0.0868652
0.127322
0.099385
0.0733889
0.0851057
0.0323596
0.047427
0.134839
0.121279
0.142616
0.041285
0.080851
0.0221738
0.0476749
0.0476811
0.0985655
0.13308
0.143097
0.0830724
0.0178733
0.0976757
0.153693
0.103958
0.155223
0.0499835
0.0734847
0.0387942
0.127418
0.0411713
0.00783575
0.0162075
0.0190688
0.0151971
0.0214079
0.0529772
0.027563
0.0243714
0.0560556
0.0719572
0.159254
0.0712849
0.178615
0.0910458
0.0180188
0.170077
0.103194
0.0141206
0.171513
0.135407
0.0660853
0.0570702
0.0458106
0.0667723
0.120957
0.0017197
0.0130941
0.0122067
0.177124
0.13666
0.149337
0.0848681
0.0174015
0.0357882
0.135016
0.0983743
0.113311
0.061465
0.0816609
0.0291494
0.0188932
0.042097
0.0416147
0.0606525
0.0494724
0.0666088
0.146105
0.146689
0.0137375
0.0459015
0.0289138
0.0782167
0.0138317
0.0600659
0.0762232
0.0350892
0.0655967
0.0423009
0.060526
0.0969627
0.110382
0.0178847
0.0565774
0.0228155
0.077053
0.0309137
0.174461
0.11607
0.135975
0.055733
0.0722361
0.125564
0.129309
0.125813
0.0138968
0.130244
0.00906976
0.109211
0.0231382
0.0720507
0.0928029
0.16931
0.0689157
0.205564
0.0724767
0.0466098
0.173329
0.122422
0.05236
0.155192
0.0860991
0.104898
0.0255389
0.199537
0.0312085
0.0331224
0.0620192
0.0168631
0.0162439
0.0194546
0.124964
0.0931962
0.0775974
0.145196
0.0361635
0.0716276
0.132272
0.127826
0.0746799
0.140608
0.0218041
0.0836115
0.0374817
0.0794436
0.0582583
0.213783
0.115416
0.0737216
0.144013
0.0819851
0.0910686
0.0117135
0.0978216
0.0369247
0.100796
0.0203719
0.0362893
0.169019
0.148524
0.175922
0.0186228
0.204342
0.0406079
0.152917
0.0901674
0.0749097
0.0800535
0.0353038
0.00507182
0.0777235
0.0428256
0.207559
0.0521176
0.122264
0.0874522
0.172864
0.146462
0.0600358
0.0796513
0.188892
0.0144067
0.0531018
0.0921261
0.0847696
0.0897687
0.0286881
0.106421
0.177943
0.107451
0.131316
0.00671613
0.0731732
0.0323537
0.0200202
0.040034
0.053426
0.0171459
0.0640247
0.0311322
0.154149
0.0197948
0.0135574
0.0324552
0.00602233
0.112287
0.0325179
0.0656576
0.0696208
0.178316
0.163294
0.0937389
0.216047
0.16912
0.0260245
0.0664051
0.174145
0.0458865
0.170048
0.0534724
0.108242
0.0366605
0.0695089
0.0695995
0.0936678
0.0791878
0.141722
0.0859054
0.108204
0.0838075
0.0217743
0.00687921
0.03514
0.202773
0.0455445
0.0199955
0.0326763
0.0335612
0.126628
0.00773302
0.00280036
0.031746
0.017209
0.0190958
0.202295
0.015769
0.00653226
0.0780233
0.133665
0.0225292
0.156451
0.0432956
0.0209404
0.218978
0.0716106
0.123094
0.0925692
0.0470048
0.120965
0.0240343
0.117206
0.05275
0.0404618
0.106434
0.00693636
0.0732419
0.0839646
0.0660709
0.0307734
0.0461779
0.00606814
0.0674342
0.0215717
0.157064
0.0177539
0.0356461
0.0437478
0.0414345
0.0584427
0.134242
0.0853928
0.189206
0.11589
0.103058
0.0599809
0.0480515
0.122652
0.0223648
0.0361911
0.117857
0.153159
0.109331
0.131386
0.155782
0.038573
0.0304277
0.044202
0.0880987
0.0715911
0.163552
0.0388964
0.204205
0.129065
0.108976
0.13363
0.0545121
0.0584929
0.0513988
0.0636836
0.100649
0.0918671
0.0715042
0.111108
0.0283509
0.18506
0.172565
0.000839097
0.0304081
0.0914152
0.062556
0.0701671
0.136738
0.101726
0.0868537
0.0197792
0.07147
0.0467261
0.175761
0.16266
0.0417533
0.0480852
0.13611
0.00606324
0.129457
0.0544938
0.0279218
0.1568
0.0992287
0.0524272
0.065742
0.160818
0.200386
0.0439034
0.14095
0.00528113
0.0949661
0.0565054
0.0750699
0.147552
0.0338624
0.0961875
0.0739697
0.0675215
0.00435642
0.130392
0.179729
0.104439
0.0858913
0.0795462
0.131582
0.0591514
0.00211703
0.0255497
0.0633821
0.0331663
0.112283
0.105062
0.0479372
0.16301
0.0203067
0.108893
0.131882
0.0351674
0.00671523
0.08962
0.0254792
0.0402812
0.0923777
0.0658057
0.0319876
0.0127827
0.0771702
0.0138048
0.0481801
0.080593
0.0229904
0.083497
0.0695701
0.0604249
0.0478248
0.0154248
0.0538439
0.16951
0.00719471
0.2037
0.0960111
0.0308895
0.118725
0.128328
0.0171554
0.0562717
0.139268
0.121294
0.0347503
0.119057
0.00994124
0.0973879
0.121941
0.208373
0.0939154
0.0343087
0.139464
0.189486
0.118184
0.174021
0.205971
0.0144711
0.18902
0.139391
0.124102
0.161328
0.0940638
0.142853
0.0829011
0.102498
0.119108
0.0453024
0.0622424
0.00680459
0.0788322
0.0245434
0.0648099
0.148351
0.0687554
0.116345
0.00365951
0.0149568
0.0469974
0.0963707
0.0691721
0.182508
0.0945832
0.200967
0.0907344
0.0710724
0.0809094
0.0968945
0.0400071
0.0245701
0.0539691
0.207382
0.0169058
0.0137892
0.0796623
0.0228239
0.0787135
0.0404679
0.0288005
0.184179
0.0513461
0.0250914
0.0555705
0.0716115
0.0653267
0.100297
0.0856371
0.0152809
0.0978634
0.14312
0.109004
0.0912777
0.127032
0.0231751
0.078355
0.135095
0.0196077
0.0124349
0.137257
0.00744081
0.0156571
0.10712
0.0351082
0.0555447
0.0252251
0.150476
0.114716
0.103218
0.00581709
0.131427
0.075268
0.144842
0.0414418
0.0145505
0.0573988
0.0787942
0.0935163
0.0109728
0.156956
0.148648
0.0532329
0.0403245
0.0736694
0.0580119
0.0478452
0.107287
0.170682
0.0742069
0.0917146
0.0803691
0.100436
0.0064289
0.0225063
0.0399276
0.0252589
0.126595
0.0159348
0.0733891
0.203797
0.0858894
0.0281927
0.0514139
0.134573
0.0268267
0.0168596
0.157736
0.004582
0.216379
0.0190698
0.0514186
0.104055
0.166841
0.0282132
0.0816804
0.0651941
0.0459647
0.183603
0.0296778
0.160862
0.126236
0.1703
0.0871725
0.0206103
0.108871
0.0510943
0.156171
0.140819
0.00590244
0.0768139
0.213602
0.186094
0.205104
0.0702215
0.016883
0.0100116
0.0245742
0.0866945
0.0231532
0.0778885
0.187075
0.0870219
0.126726
0.179781
0.0111314
0.0387645
0.0680229
0.0340013
0.115721
0.00680389
0.100643
0.0633152
0.00328257
0.0832954
0.0457447
0.0606503
0.014189
0.0207702
0.0415855
0.0518195
0.0517741
0.0641105
0.0149736
0.156419
0.185196
0.209203
0.110834
0.0116223
0.0438981
0.144848
0.120892
0.135225
0.125823
0.0975219
0.0975114
0.0482244
0.132279
0.00176916
0.0911226
0.0129425
0.0326894
0.0799777
0.0459371
0.0744027
0.129824
0.0664903
0.0136899
0.124402
0.12732
0.0168569
0.0382082
0.0706116
0.00335848
0.0244027
0.0324842
0.152633
0.013478
0.00536864
0.0894382
0.00959307
0.121734
0.00704283
0.0239143
0.120922
0.0217
0.106519
0.0210172
0.0441555
0.0920388
0.0663505
0.053486
0.169373
0.117726
0.0314077
0.0580378
0.100568
0.0752913
0.0902706
0.0608674
0.040656
0.0421078
0.0131928
0.0319863
0.132484
0.0544521
0.0437539
0.1389
0.144612
0.0560857
0.12174
0.0855514
0.0412703
0.0937423
0.00248632
0.117949
0.0290084
0.149913
0.121571
0.032135
0.0437337
0.0647486
0.0793568
0.134116
0.0241135
0.0755634
0.129533
0.11568
0.0441472
0.00231608
0.0281943
0.111065
0.0201188
0.0568968
0.0341268
0.101623
0.0555841
0.0428836
0.123825
0.0821083
0.0566528
0.111936
0.0913482
0.0682295
0.0550287
0.0129362
0.169092
0.0278916
0.198381
0.1502
0.0499205
0.0407974
0.10174
0.0503813
0.0529359
0.0646775
0.044275
0.069718
0.0284698
0.142424
0.0338913
0.056299
0.0863639
0.0532151
0.161592
0.048028
0.0189421
0.0698799
0.0836338
0.0345381
0.0123767
0.0720716
0.103395
0.0956723
0.0946359
0.0176668
0.0654999
0.0828543
0.062446
0.0804156
0.0818481
0.143392
0.083171
0.0982334
0.0117688
0.0222498
0.18098
0.167795
0.0885141
0.0328021
0.0561175
0.00817121
0.0387233
0.0173622
0.0518104
0.0745311
0.0542763
0.143589
0.0747216
0.0032833
0.0184097
0.0207512
0.010144
0.028818
0.0447504
0.127126
0.0294993
0.162739
0.183035
0.0961915
0.048668
0.10933
0.0499892
0.0231631
0.196429
0.0858402
0.0947398
0.135331
0.0479507
0.0610041
0.00242464
0.0355988
0.0429886
0.0288326
0.139525
0.209833
0.110507
0.0209351
0.101894
0.0486063
0.0436384
0.0409195
0.0751089
0.118044
0.0988743
0.0373063
0.051635
0.0344789
0.0993121
0.0588396
0.0232213
0.0224912
0.19942
0.158561
0.129507
0.0155835
0.0184128
0.0291869
0.0320023
0.0955037
0.143211
0.000553777
0.103359
0.062937
0.132823
0.121347
0.158955
0.0141157
0.029674
0.0745477
0.0523674
0.0335889
0.00581962
0.0876331
0.0119597
0.0483791
0.0723484
0.0660363
0.092479
0.0729253
0.110969
0.0924634
0.0342472
0.0549777
0.0582175
0.0133291
0.0643271
0.00910658
0.112958
0.0995598
0.0451031
0.104003
0.185335
0.199766
0.0424625
0.0770911
0.0732616
0.0547548
0.0832258
0.186303
0.1402
0.0704035
0.110065
0.0829524
0.0125146
0.132567
0.137882
0.139373
0.0565641
0.0246455
0.0315216
0.103864
0.0131721
0.0496123
0.0770373
0.0343345
0.0170861
0.186412
0.138805
0.0250543
0.0443729
0.10324
0.0357291
0.0866449
0.159421
0.143855
0.108642
0.165696
0.0569892
0.0699662
0.0779526
0.0960037
0.0553625
0.0774102
0.0559314
0.121623
0.00441784
0.00477777
0.024712
0.00731313
0.225485
0.0337593
0.103481
0.0143141
0.041037
0.143442
0.0542869
0.0971621
0.0548322
0.126573
0.0432408
0.0431903
0.157861
0.124513
0.0131319
0.0662447
0.00480018
0.0521152
0.00226413
0.095381
0.0393195
0.0974337
0.0931003
0.0683228
0.154707
0.0077996
0.0804625
0.0209373
0.116289
0.187568
0.0134778
0.166091
0.0225772
0.0154738
0.0289629
0.067726
0.0444989
0.00598391
0.138547
0.140073
0.120397
0.045528
0.0758098
0.0428357
0.0642241
0.212293
0.108797
0.111557
0.0216349
0.13281
0.00708639
0.123261
0.108443
0.124091
0.16713
0.0404925
0.12143
0.0383073
0.0751674
0.113815
0.0597598
0.0118185
0.0495038
0.167127
0.127812
0.0488981
0.143588
0.042081
0.101573
0.0270094
0.0580823
0.034238
0.00637718
0.0402209
0.127072
0.189093
0.0882622
0.0104418
0.0619898
0.0440982
0.0350469
0.101004
0.049235
0.0231753
0.0248049
0.0126245
0.00909229
0.14211
0.18052
0.079216
0.0726718
0.112188
0.203368
0.0238898
0.0244673
0.0646633
0.017069
0.123265
0.0418151
0.0117022
0.104352
0.171102
0.118384
0.137597
0.0337762
0.174188
0.00500065
0.129409
0.016147
0.0606016
0.0714348
0.0767716
0.0501083
0.129407
0.00654495
0.0897753
0.116079
0.0467995
0.128266
0.0909909
0.179196
0.0908211
0.0291628
0.118365
0.0918035
0.00550825
0.119961
0.191244
0.138979
0.0800127
0.091884
0.0422496
0.0445819
0.106181
0.0152117
0.0478304
0.0905449
0.152516
0.0417242
0.0772795
0.0651534
0.0896928
0.0146626
0.129694
0.0299016
0.015443
0.117474
0.0943083
0.0553814
0.0129554
0.082965
0.0606956
0.0557976
0.054455
0.0890121
0.218052
0.0525267
0.165373
0.080146
0.0998566
0.0410647
0.0225342
0.0891309
0.00367657
0.105521
0.0312548
0.131269
0.019191
0.0984012
0.0924195
0.154801
0.0886285
0.076292
0.0658878
0.016389
0.0657179
0.153381
0.133003
0.128971
0.07049
0.0229957
0.127781
0.0373782
0.0357447
0.0384329
0.0868652
0.127322
0.099385
0.0733889
0.0851057
0.0323596
0.047427
0.134839
0.121279
0.142616
0.041285
0.080851
0.0221738
0.0476749
0.0476811
0.0985655
0.13308
0.143097
0.0830724
0.0178733
0.0976757
0.153693
0.103958
0.155223
0.0499835
0.0734847
0.0387942
0.127418
0.0411713
0.00783575
0.0162075
0.0190688
0.0151971
0.0214079
0.0529772
0.027563
0.0243714
0.0560556
0.0719572
0.159254
0.0712849
0.178615
0.0910458
0.0180188
0.170077
0.103194
0.0141206
0.171513
0.135407
0.0660853
0.0570702
0.0458106
0.0667723
0.120957
0.0017197
0.0130941
0.0122067
0.177124
0.13666
0.149337
0.0848681
0.0174015
0.0357882
0.135016
0.0983743
0.113311
0.061465
0.0816609
0.0291494
0.0188932
0.042097
0.0416147
0.0606525
0.0494724
0.0666088
0.146105
0.146689
0.0137375
0.0459015
0.0289138
0.0782167
0.0138317
0.0600659
0.0762232
0.0350892
0.0655967
0.0423009
0.060526
0.0969627
0.110382
0.0178847
0.0565774
0.0228155
0.077053
0.0309137
0.174461
0.11607
0.135975
0.055733
0.0722361
0.125564
0.129309
0.125813
0.0138968
0.130244
0.00906976
0.109211
0.0231382
0.0720507
0.0928029
0.16931
0.0689157
0.205564
0.0724767
0.0466098
0.173329
0.122422
0.05236
0.155192
0.0860991
0.104898
0.0255389
0.199537
0.0312085
0.0331224
0.0620192
0.0168631
0.0162439
0.0194546
0.124964
0.0931962
0.0775974
0.145196
0.0361635
0.0716276
0.132272
0.127826
0.0746799
0.140608
0.0218041
0.0836115
0.0374817
0.0794436
0.0582583
0.213783
0.115416
0.0737216
0.144013
0.0819851
0.0910686
0.0117135
0.0978216
0.0369247
0.100796
0.0203719
0.0362893
0.169019
0.148524
0.175922
0.0186228
0.204342
0.0406079
0.152917
0.0901674
0.0749097
0.0800535
0.0353038
0.00507182
0.0777235
0.0428256
0.207559
0.0521176
0.122264
0.0874522
0.172864
0.146462
0.0600358
0.0796513
0.188892
0.0144067
0.0531018
0.0921261
0.0847696
0.0897687
0.0286881
0.106421
0.177943
0.107451
0.131316
0.00671613
0.0731732
0.0323537
0.0200202
0.040034
0.053426
0.0171459
0.0640247
0.0311322
0.154149
0.0197948
0.0135574
0.0324552
0.00602233
0.112287
0.0325179
0.0656576
0.0696208
0.178316
0.163294
0.0937389
0.216047
0.16912
0.0260245
0.0664051
0.174145
0.0458865
0.170048
0.0534724
0.108242
0.0366605
0.0695089
0.0695995
0.0936678
0.0791878
0.141722
0.0859054
0.108204
0.0838075
0.0217743
0.00687921
0.03514
0.202773
0.0455445
0.0199955
0.0326763
0.0335612
0.126628
0.00773302
0.00280036
0.031746
0.017209
0.0190958
0.202295
0.015769
0.00653226
0.0780233
0.133665
0.0225292
0.156451
0.0432956
0.0209404
0.218978
0.0716106
0.123094
0.0925692
0.0470048
0.120965
0.0240343
0.117206
0.05275
0.0404618
0.106434
0.00693636
0.0732419
0.0839646
0.0660709
0.0307734
0.0461779
0.00606814
0.0674342
0.0215717
0.157064
0.0177539
0.0356461
0.0437478
0.0414345
0.0584427
0.134242
0.0853928
0.189206
0.11589
0.103058
0.0599809
0.0480515
0.122652
0.0223648
0.0361911
0.117857
0.153159
0.109331
0.131386
0.155782
0.038573
0.0304277
0.044202
0.0880987
0.0715911
0.163552
0.0388964
0.204205
0.129065
0.108976
0.13363
0.0545121
0.0584929
0.0513988
0.0636836
0.100649
0.0918671
0.0715042
0.111108
0.0283509
0.18506
0.172565
0.000839097
0.0304081
0.0914152
0.062556
0.0701671
0.136738
0.101726
0.0868537
0.0197792
0.07147
0.0467261
0.175761
0.16266
0.0417533
0.0480852
0.13611
0.00606324
0.129457
0.0544938
0.0279218
0.1568
0.0992287
0.0524272
0.065742
0.160818
0.200386
0.0439034
0.14095
0.00528113
0.0949661
0.0565054
0.0750699
0.147552
0.0338624
0.0961875
0.0739697
0.0675215
0.00435642
0.130392
0.179729
0.104439
0.0858913
0.0795462
0.131582
0.0591514
0.00211703
0.0255497
0.0633821
0.0331663
0.112283
0.105062
0.0479372
0.16301
0.0203067
0.108893
0.131882
0.0351674
0.00671523
0.08962
0.0254792
0.0402812
0.0923777
0.0658057
0.0319876
0.0127827
0.0771702
0.0138048
0.0481801
0.080593
0.0229904
0.083497
0.0695701
0.0604249
0.0478248
0.0154248
0.0538439
0.16951
0.00719471
0.2037
0.0960111
0.0308895
0.118725
0.128328
0.0171554
0.0562717
0.139268
0.121294
0.0347503
0.119057
0.00994124
0.0973879
0.121941
0.208373
0.0939154
0.0343087
0.139464
0.189486
0.118184
0.174021
0.205971
0.0144711
0.18902
0.139391
0.124102
0.161328
0.0940638
0.142853
0.0829011
0.102498
0.119108
0.0453024
0.0622424
0.00680459
0.0788322
0.0245434
0.0648099
0.148351
0.0687554
0.116345
0.00365951
0.0149568
0.0469974
0.0963707
0.0691721
0.182508
0.0945832
0.200967
0.0907344
0.0710724
0.0809094
0.0968945
0.0400071
0.0245701
0.0539691
0.207382
0.0169058
0.0137892
0.0796623
0.0228239
0.0787135
0.0404679
0.0288005
0.184179
0.0513461
0.0250914
0.0555705
0.0716115
0.0653267
0.100297
0.0856371
0.0152809
0.0978634
0.14312
0.109004
0.0912777
0.127032
0.0231751
0.078355
0.135095
0.0196077
0.0124349
0.137257
0.00744081
0.0156571
0.10712
0.0351082
0.0555447
0.0252251
0.150476
0.114716
0.103218
0.00581709
0.131427
0.075268
0.144842
0.0414418
0.0145505
0.0573988
0.0787942
0.0935163
0.0109728
0.156956
0.148648
0.0532329
0.0403245
0.0736694
0.0580119
0.0478452
0.107287
0.170682
0.0742069
0.0917146
0.0803691
0.100436
0.0064289
0.0225063
0.0399276
0.0252589
0.126595
0.0159348
0.0733891
0.203797
0.0858894
0.0281927
0.0491333
0.039815
0.0881641
0.0755424
0.167322
0.0764677
0.119013
0.0996944
0.090482
0.0918587
0.0441067
0.0995192
0.0716266
0.143868
0.119017
0.0684426
0.0455358
0.0860861
0.0627681
0.101668
0.0423799
0.206669
0.0358732
0.157574
0.0767767
0.13506
0.0105922
0.0571939
0.11168
0.0700503
0.0322391
0.0830473
0.0411441
0.0510957
0.0212155
0.109096
0.0363614
0.0256762
0.0413981
0.0424019
0.0123183
0.0903154
0.0730116
0.0370627
0.0524603
0.123277
0.117234
0.025278
0.0462092
0.160903
0.0654166
0.169783
0.0798905
0.0540476
0.025424
0.0039026
0.0677375
0.0213488
0.0901365
0.0791552
0.0581257
0.0988017
0.0458911
0.0666313
0.085132
0.039131
0.0305608
0.195162
0.0922651
0.0982454
0.0146398
0.133104
0.0424124
0.145121
0.074901
0.0559146
0.0195645
0.026563
0.146772
0.0351287
0.0138141
0.0498633
0.0695938
0.0216479
0.0141255
0.0337264
0.118399
0.0364201
0.0741819
0.0555096
0.01336
0.122998
0.0667716
0.025681
0.00443056
0.018588
0.0513925
0.0134737
0.0248202
0.0903614
0.156343
0.0373465
0.0303728
0.00605578
0.0373549
0.0532279
0.185167
0.0824919
0.00525518
0.144452
0.0280166
0.136742
0.0666441
0.175268
0.0431848
0.153688
0.079876
0.0800176
0.0239057
0.0886829
0.097876
0.104378
0.021126
0.0356555
0.0149589
0.141578
0.0915191
0.0439504
0.0642366
0.0699451
0.0634073
0.079008
0.0440541
0.145841
0.0716716
0.0863224
0.0421105
0.134192
0.21627
0.075735
0.0952811
0.0156253
0.0950545
0.135288
0.0544535
0.0362701
0.00566058
0.107234
0.0935553
0.0617763
0.087613
0.0342391
0.0786456
0.0535608
0.0925978
0.0158992
0.0646854
0.0262329
0.0198975
0.035241
0.0622636
0.0342783
0.10043
0.12601
0.0293273
0.214202
0.123509
0.205707
0.0800777
0.0477648
0.0703597
0.0522792
0.0045655
0.202203
0.0822969
0.0680719
0.0144684
0.0315479
0.0540194
0.129233
0.0561031
0.142895
0.120684
0.115801
0.0403323
0.0391429
0.110614
0.0671838
0.0618323
0.0368645
0.0843454
0.0473913
0.0242606
0.138294
0.0866356
0.0419175
0.080347
0.0660965
0.0999902
0.0471158
0.176457
0.0517589
0.0902808
0.0482894
0.159588
0.0379948
0.0513586
0.074867
0.0301112
0.0556147
0.00546663
0.122053
0.113104
0.165379
0.0862651
0.0755606
0.032439
0.129898
0.0124425
0.0418212
0.0567577
0.11419
0.0330383
0.0446597
0.0369491
0.142641
0.00644375
0.0562606
0.0399683
0.0282937
0.041898
0.124404
0.0666052
0.00459587
0.136321
0.0475618
0.065707
0.0226005
0.00281219
0.0334883
0.0505616
0.0645076
0.0693284
0.0533799
0.116883
0.102016
0.0537286
0.135438
0.0932412
0.0731563
0.0930601
0.183471
0.0291611
0.100823
0.0679634
0.0561515
0.160866
0.0205057
0.054424
0.135926
0.0399627
0.156195
0.0333366
0.106369
0.0104423
0.0764688
0.0574048
0.0272353
0.00424519
0.0326475
0.114655
0.160689
0.0705094
0.155065
0.0530596
0.10738
0.0349179
0.108175
0.0361666
0.0405649
0.0325367
0.0800228
0.0603391
0.0994685
0.0948765
0.0678172
0.153081
0.02511
0.0747131
0.0348155
0.129687
0.127351
0.070842
0.121909
0.0775989
0.06578
0.139044
0.0497921
0.179882
0.128068
0.0575325
0.0975258
0.105394
0.106792
0.0436099
0.0267328
0.109275
0.0742432
0.122359
0.044259
0.0922291
0.15014
0.0149736
0.0242624
0.117886
0.118877
0.102053
0.0986035
0.126707
0.127775
0.15065
0.00581493
0.0310069
0.049834
0.0229969
0.164441
0.118523
0.0550028
0.00307394
0.0229498
0.0704201
0.162147
0.0643465
0.17386
0.0596194
0.110544
0.125593
0.0664336
0.0521652
0.0137352
0.0574548
0.0642721
0.106071
0.204592
0.21339
0.0774744
0.12229
0.00895764
0.0898883
0.170018
0.0116813
0.12798
0.12675
0.00824028
0.0651564
0.0241927
0.019545
0.0241597
0.134627
0.035032
0.0537144
0.135481
0.0526812
0.0301419
0.179741
0.134312
0.0596039
0.0683142
0.211805
0.114318
0.0963811
0.0170954
0.0360864
0.0858234
0.00766841
0.181312
0.0929835
0.0467199
0.0641568
0.0382903
0.165458
0.173992
0.107259
0.0660746
0.0026053
0.0596148
0.155292
0.122678
0.177984
0.00445425
0.0960965
0.138112
0.133466
0.0340518
0.0188163
0.10378
0.113579
0.0709459
0.179845
0.0247746
0.0501979
0.0753383
0.0742618
0.163374
0.132032
0.015495
0.0491939
0.0795387
0.015359
0.0604698
0.0415141
0.0828778
0.0281514
0.0469335
0.0503834
0.196201
0.146091
0.167728
0.0653124
0.112525
0.0395465
0.12001
0.0489836
0.0781551
0.199711
0.0897573
0.0492842
0.0651688
0.0942367
0.0838631
0.0787213
0.0736009
0.113451
0.155332
0.077094
0.0827226
0.0478827
0.077661
0.0770129
0.191412
0.0121146
0.138131
0.13885
0.0903771
0.114105
0.112849
0.0151777
0.0836168
0.0285275
0.0619108
0.171483
0.0731068
0.0768947
0.0204502
0.0822406
0.017344
0.0860279
0.147437
0.0303313
0.0529497
0.0310523
0.0251433
0.0068659
0.0708078
0.143518
0.00615547
0.0392302
0.131988
0.0582159
0.0721941
0.0306798
0.1228
0.0555051
0.126534
0.0465605
0.0371445
0.0226674
0.0355602
0.0480992
0.0893958
0.103429
0.00865321
0.0852872
0.0498521
0.0572861
0.0574266
0.104558
0.0728407
0.080065
0.0269977
0.0348469
0.027241
0.0227243
0.15241
0.0893615
0.107422
0.0891941
0.0664262
0.177289
0.0138688
0.0804688
0.0270287
0.037685
0.00874625
0.0468545
0.0630071
0.0383581
0.149284
0.0256562
0.0609697
0.0472329
0.0276067
0.0197255
0.037823
0.0366385
0.175792
0.194536
0.0336824
0.0430216
0.0602947
0.0992961
0.0836052
0.0931267
0.0482082
0.0517413
0.028156
0.118591
0.130153
0.0384679
0.0359417
0.0652226
0.19966
0.0186665
0.02093
0.0713314
0.0416969
0.0974197
0.0156018
0.0283437
0.0488836
0.0578325
0.141184
0.134114
0.00425347
0.0415887
0.146939
0.0398092
0.13043
0.017926
0.157194
0.109026
0.0468915
0.0556511
0.107843
0.08719
0.045479
0.0757138
0.0313739
0.0629126
0.0214624
0.0777135
0.113228
0.0589788
0.0782673
0.1899
0.00805707
0.112696
0.102328
0.0685332
0.0701866
0.0406964
0.0585703
0.0584818
0.13509
0.0631457
0.0198529
0.0172506
0.0904343
0.00469033
0.165801
0.165221
0.150322
0.0577001
0.060208
0.0206038
0.0222732
0.080867
0.175282
0.090518
0.0142146
0.148639
0.0640199
0.00973438
0.052176
0.0284449
0.082873
0.15925
0.0225824
0.126242
0.164291
0.135306
0.0171917
0.100057
0.192072
0.151696
0.00947641
0.0416618
0.0553723
0.0210741
0.0736574
0.110889
0.024205
0.0121577
0.111038
0.0576099
0.187901
0.112945
0.130184
0.0374049
0.0110946
0.0813779
0.0535495
0.0666742
0.0538243
0.03586
0.152221
0.0190406
0.0548436
0.0628763
0.20304
0.0910826
0.0829767
0.0406924
0.0545118
0.0769356
0.0201141
0.0494628
0.0592831
0.0648536
0.0591277
0.0577291
0.0263092
0.0730971
0.0526933
0.200856
0.0249619
0.0955493
0.0168919
0.00290524
0.00984691
0.0376666
0.0640396
0.214394
0.0104003
0.00452838
0.194634
0.0639349
0.0132082
0.0180307
0.0279649
0.00422192
0.0161795
0.0433928
0.0930227
0.196705
0.122234
0.04199
0.137394
0.0150023
0.0811079
0.0592972
0.0648777
0.0894921
0.0467711
0.0547466
0.0380096
0.0781251
0.132136
0.111032
0.0691036
0.0138672
0.0448588
0.198521
0.056698
0.186921
0.0699998
0.0937975
0.140329
0.0952551
0.186559
0.0776285
0.0169109
0.176219
0.154066
0.0478925
0.0466088
0.00522776
0.125063
0.0866636
0.163097
0.036307
0.0533341
0.0892166
0.0420135
0.13213
0.0415325
0.0193179
0.0465119
0.0554657
0.0784015
0.0878222
0.0998912
0.0261302
0.0452064
0.0667331
0.05596
0.185311
0.0638926
0.042085
0.118278
0.0481633
0.000860278
0.00971658
0.032052
0.114695
0.148892
0.101591
0.00663132
0.089541
0.140971
0.0645536
0.00828124
0.0314959
0.0520953
0.115672
0.198205
0.0434462
0.0331751
0.110891
0.10409
0.0990105
0.105058
0.063315
0.10181
0.0993465
0.000156064
0.104689
0.0554695
0.0134162
0.0273944
0.0144492
0.0755988
0.0180184
0.00793912
0.0964971
0.110912
0.0560583
0.0591919
0.190558
0.0766845
0.0724901
0.117903
0.0744399
0.0744675
0.000774173
0.0701891
0.0992211
0.122963
0.193314
0.00680838
0.150387
0.199183
0.115807
0.0713956
0.0295698
0.148991
0.0658407
0.154541
0.0655628
0.0777509
0.0615779
0.131944
0.0892502
0.00196528
0.0346969
0.0222532
0.120547
0.0612271
0.0262642
0.0424408
0.0992908
0.0983521
0.0251511
0.0738136
0.152721
0.187656
0.00732728
0.0572203
0.104344
0.122951
0.0150816
0.0279882
0.0456133
0.187711
0.131639
0.0130848
0.0249596
0.0411314
0.126106
0.141998
0.187959
0.107838
0.078778
0.0104274
0.0631959
0.0475601
0.145055
0.12648
0.0484828
0.16829
0.00297695
0.120014
0.0182234
0.126837
0.0704958
0.0544884
0.136916
0.0823283
0.0511762
0.0577332
0.0969546
0.0240896
0.0463096
0.0378363
0.0847167
0.0318527
0.156086
0.0633807
0.170572
0.199786
0.0248133
0.181239
0.0443666
0.00804101
0.00780203
0.0452938
0.0167387
0.0686158
0.0576244
0.0319231
0.0947997
0.0702545
0.0796462
0.139156
0.0316113
0.155853
0.149501
0.0950588
0.0322402
0.0015437
0.103275
0.0234975
0.059818
0.0718145
0.02384
0.0165031
0.148725
0.0935727
0.170911
0.0378114
0.0305499
0.0379384
0.0746098
0.195975
0
0.0586668
0.0402636
0.075928
0.149706
0.0517624
0.0622549
0.0745167
0.123016
0.0525179
0.0644335
0.0217434
0.0642249
0.156595
0.127428
0.125449
0.107923
0.0892462
0.0664739
0.0433513
0.0305601
0.125278
0.111387
0.17673
0.063428
0.0289421
0.0537959
0.0914672
0.134219
0.105904
0.0736427
0.0280321
0.112146
0.102129
0.0711837
0.0989753
0.103286
0.0410461
0.0524116
0.138376
0.0990571
0.0511545
0.0203951
0.183937
0.0574145
0.171684
0.0945601
0.0486817
0.0496832
0.0166177
0.157749
0.00479997
0.065296
0.0603433
0.0582981
0.0598989
0.213774
0.183361
0.0715094
0.0628748
0.130964
0.14212
0.189931
0.0255751
0.103506
0.0771104
0.206349
0.215972
0.0373131
0.118737
0.0183823
0.0432927
0.0476933
0.0923294
0.0498124
0.103403
0.106654
0.0816621
0.0292754
0.0234239
0.101807
0.0591089
0.0695446
0.033319
0.0702897
0.0426199
0.0309585
0.095662
0.135899
0.0599745
0.0657371
0.165154
0.0103872
0.0557474
0.0706713
0.087788
0.120004
0.165192
0.141512
0.116355
0.0909169
0.0181341
0.119605
0.0543945
0.120033
0.07005
0.0972926
0.187758
0.124589
0.15897
0.042375
0.0267887
0.118567
0.0172129
0.0121151
0.145122
0.0466571
0.141616
0.0226186
0.0230961
0.107338
0.197067
0.0601587
0.0272109
0.0835281
0.117746
0.00960355
0.0165774
0.0163701
0.0803357
0.0276589
0.0274515
0.104534
0.0881546
0.0571
0.0515017
0.129602
0.141697
0.121291
0.0114104
0.0613994
0.125603
0.060754
0.142202
0.132949
0.0696622
0.00751896
0.0353978
0.165421
0.224586
0.13128
0.0773313
0.104073
0.062685
0.163451
0.10281
0.0152752
0.0253516
0.0616251
0.0361559
0.0418642
0.160982
0.0996841
0.0099474
0.0711884
0.086844
0.0930411
0.129535
0.0371759
0.116501
0.0499882
0.0693632
0.11288
0.0503472
0.165868
0.109684
0.0978143
0.047131
0.0929313
0.0697163
0.104556
0.0983499
0.0680357
0.0985518
0.0437155
0.0507383
0.0705292
0.109856
0.12632
0.0698716
0.0383346
0.0815938
0.0258335
0.0933418
0.0659813
0.199727
0.0518204
0.0604763
0.0561322
0.0760659
0.078248
0.0435084
0.125333
0.0624314
0.0157813
0.21962
0.13137
0.162017
0.0202203
0.124504
0.0735496
0.0896534
0.0112687
0.0785654
0.184015
0.135157
0.0287142
0.139616
0.0886599
0.111295
0.0955157
0.156956
0.0241887
0.051077
0.0821779
0.0358338
0.0157098
0.0186949
