0.208399
0.0709369
0.0424924
0.132791
0.134042
0.0127775
0.0594084
0.0123103
0.0314424
0.0756938
0.121006
0.120146
0.112072
0.0638897
0.109059
0.101738
0.00790106
0.152899
0.0152609
0.0212925
0.0678505
0.0784454
0.0774686
0.0373614
0.110099
0.142877
0.0134653
0.145468
0.0986153
0.111331
0.0935308
0.186042
0.070828
0.118978
0.0524973
0.049291
0.0880091
0.0146943
0.138919
0.0927013
0.0751375
0.1001
0.015047
0.0177635
0.117796
0.0650381
0.065043
0.0545063
0.112214
0.0463907
0.0237184
0.214874
0.00936909
0.0165721
0.0482028
0.105487
0.0634184
0.160259
0.0129949
0.0921939
0.0307675
0.0647907
0.0939416
0.0849346
0.166638
0.0305358
0.0106346
0.0794298
0.156162
0.181395
0.126729
0.0270129
0.0073342
0.0645321
0.0809142
0.0220854
0.0644131
0.0272884
0.0125175
0.125752
0.213262
0.137423
0.0507656
0.071669
0.0444634
0.0451328
0.0590906
0.115554
0.0675269
0.158389
0.170935
0.0474194
0.177809
0.0405694
0.071309
0.09006
0.133572
0.115477
0.0786795
0.0170804
0.0202878
0.101978
0.0453715
0.0779792
0.0222143
0.020893
0.0857021
0.206159
0.0437164
0.00296716
0.218393
0.022987
0.0183114
0.0249818
0.051131
0.111476
0.0994955
0.0202701
0.124169
0.0236228
0.031821
0.0955236
0.0422406
0.0485946
0.0796135
0.0584264
0.0706412
0.0629801
0.0511428
0.032598
0.0553158
0.0765779
0.0219366
0.0759968
0.0529388
0.137767
0.138759
0.143427
0.207369
0.121536
0.078181
0.0484527
0.101571
0.0156601
0.109662
0.0562624
0.0161758
0.159147
0.125401
0.0138418
0.118187
0.0201113
0.0269377
0.0559655
0.108798
0.136275
0.0102076
0.191508
0.0329071
0.0519269
0.0349597
0.0560684
0.0870419
0.0361946
0.0553848
0.100376
0.0806576
0.100095
0.132651
0.137525
0.0584865
0.143335
0.0623247
0.184118
0.196624
0.204513
0.121723
0.0167743
0.111236
0.0689467
0.134973
0.147341
0.130743
0.00733973
0.100275
0.13062
0.150465
0.0964592
0.119661
0.175155
0.0816925
0.211016
0.047621
0.0400892
0.0769421
0.160927
0.0615489
0.0880521
0.134346
0.0891871
0.121013
0.112221
0.0199286
0.0563315
0.173231
0.0962438
0.015978
0.0111026
0.0262085
0.0739733
0.0526595
0.0297086
0.120054
0.0837656
0.0934774
0.0540059
0.0484282
0.0548642
0.0454881
0.0713539
0.0997634
0.0462324
0.0603664
0.120598
0.138697
0.190966
0.0633228
0.00436756
0.120639
0.028288
0.0347761
0.145909
0.0244015
0.0333949
0.00461751
0.0829221
0.0534618
0.0532176
0.101534
0.0193462
0.0637907
0.0285834
0.0110945
0.215929
0.0249074
0.0142797
0.0498248
0.0371318
0.0456803
0.0313049
0.0955656
0.0270584
0.0501542
0.0399603
0.153796
0.0751747
0.0381789
0.053744
0.0920131
0.0966622
0.150646
0.127367
0.0666624
0.0636524
0.138632
0.0801072
0.0305212
0.0140746
0.0928886
0.033793
0.0301557
0.0935069
0.105392
0.0193903
0.0608136
0.0497157
0.143794
0.0107476
0.106725
0.142766
0.0648431
0.195843
0.0550582
0.0423655
0.21476
0.0462172
0.0368918
0.082971
0.0912364
0.0233087
0.159257
0.03589
0.0426102
0.0669425
0.0565594
0.0905535
0.0460548
0.0754443
0.17248
0.0330038
0.0275378
0.054205
0.0214703
0.0743651
0.0457678
0.0177579
0.125203
0.205829
0.0449798
0.0231278
0.0979144
0.0326341
0.163178
0.0427727
0.0454302
0.0738056
0.111958
0.111817
0.101589
0.045154
0.0603158
0.0594162
0.00371919
0.0975394
0.0510834
0.100028
0.0281442
0.0789047
0.138466
0.138593
0.122717
0.10665
0.132584
0.0761762
0.0455002
0.0239421
0.0641727
0.0191902
0.00704346
0.0215471
0.0733749
0.0894553
0.0937383
0.083827
0.0571529
0.0289315
0.141571
0.0225288
0.0755637
0.0868942
0.0184226
0.0381447
0.0694646
0.0421511
0.108903
0.171006
0.0758349
0.0426573
0.126212
0.0266428
0.0203445
0.136095
0.0668727
0.0362965
0.0389455
0.0200355
0.0931925
0.143636
0.0122271
0.109209
0.04369
0.0329924
0.0554418
0.0864059
0.0603916
0.0496126
0.0822418
0.0552871
0.0705587
0.0948076
0.0966169
0.0637133
0.083083
0.0339043
0.0581942
0.137221
0.0250786
0.0530308
0.0495579
0.00508835
0.0613234
0.0633594
0.0814947
0.0718396
0.0295668
0.0746546
0.0354325
0.180657
0.0379854
0.00594415
0.00335707
0.159636
0.170705
0.114081
0.0153107
0.0363006
0.0314124
0.0307253
0.0385044
0.0511888
0.0474737
0.0748837
0.0326781
0.0306283
0.0569562
0.0398631
0.0872603
0.167828
0.079921
0.0810712
0.0284087
0.185513
0.0627699
0.0656045
0.0867797
0.0514771
0.0503424
0.0418143
0.0623869
0.0842336
0.0475035
0.0132927
0.116823
0.0947762
0.0306163
0.0453959
0.175573
0.0656347
0.158088
0.109178
0.124991
0.0792272
0.150169
0.120294
0.0196969
0.220732
0.0351797
0.103822
0.0217846
0.0568471
0.128289
0.0706604
0.0816934
0.0282562
0.0635669
0.0569819
0.11079
0.0156384
0.149743
0.102912
0.105
0.0442868
0.137007
0.055296
0.0287691
0.0919516
0.0231191
0.179895
0.122203
0.148016
0.140372
0.0627214
0.068791
0.0995055
0.028908
0.0285224
0.0138921
0.02539
0.00685477
0.156068
0.0641829
0.042999
0.196532
0.0846738
0.138107
0.0257463
0.062986
0.0897336
0.133238
0.0671922
0.0447025
0.0608689
0.144647
0.0422812
0.0437087
0.115692
0.0831584
0.165907
0.0784178
0.117966
0.0559887
0.0466558
0.0720672
0.0079107
0.033502
0.052561
0.039011
0.0477504
0.066365
0.0138936
0.201766
0.0864568
0.0789416
0.151039
0.135755
0.170759
0.195318
0.0381659
0.0889067
0.0129311
0.103721
0.0607977
0.108598
0.0561757
0.0153721
0.179242
0.0722533
0.0443085
0.0142391
0.133072
0.093817
0.137588
0.0774722
0.059038
0.106041
0.0282075
0.0381178
0.0122606
0.0621588
0.0967267
0.0991106
0.167065
0.0403347
0.111847
0.0607275
0.0245125
0.0116093
0.0525299
0.189365
0.12843
0.0202941
0.00417118
0.0256891
0.1463
0.0348172
0.0332368
0.141512
0.0965087
0.114385
0.0975155
0.0188765
0.0829917
0.0107142
0.0183768
0.00867546
0.171655
0.0712462
0.101372
0.0423413
0.105069
0.183153
0.081939
0.0388229
0.128253
0.0462564
0.0117499
0.0283493
0.00789273
0.152923
0.0873774
0.0375623
0.039056
0.128803
0.178216
0.114458
0.0618791
0.0214205
0.144445
0.115277
0.0143906
0.00508243
0.132171
0.0877718
0.0144946
0.0309923
0.0364644
0.175419
0.0256319
0.0172346
0.161119
0.0100669
0.0595103
0.0726971
0.0863273
0.127774
0.00242823
0.0203801
0.0376751
0.0738152
0.0767962
0.0157183
0.108054
0.0336825
0.139441
0.0803618
0.0698324
0.0949943
0.126338
0.0380026
0.141817
0.0284398
0.0993862
0.0732396
0.0146425
0.177163
0.113767
0.025924
0.123252
0.01053
0.00918644
0.216326
0.156304
0.0326813
0.165074
0.0429179
0.0463623
0.0264268
0.009805
0.0188412
0.111192
0.156471
0.0279203
0.0850126
0.0233868
0.133869
0.141362
0.0651569
0.0326399
0.0790676
0.0304446
0.0658362
0.0137068
0.0991154
0.193803
0.19408
0.0200923
0.0465864
0.0974146
0.108129
0.0712315
0.105994
0.0911099
0.0383565
0.111308
0.0548082
0.174644
0.138517
0.0947475
0.13281
0.139651
0.092469
0.0621311
0.0201858
0.0628584
0.142841
0.0346501
0.0145068
0.0583451
0.0788753
0.032503
0.0951975
0.0981023
0.0402357
0.0117514
0.07162
0.108062
0.180345
0.0171663
0.122655
0.167316
0.124153
0.0670033
0.0687431
0.0436963
0.0362406
0.0639825
0.055832
0.140453
0.0230293
0.097704
0.0474227
0.0857144
0.127428
0.126264
0.1885
0.0330221
0.0763032
0.0483206
0.126446
0.0033118
0.164258
0.018768
0.0330661
0.0321318
0.137133
0.0483807
0.0759271
0.0247271
0.0733373
0.0223194
0.156371
0.0236548
0.0990498
0.0377532
0.111939
0.140584
0.012432
0.0360619
0.138271
0.00605518
0.0390957
0.0112493
0.0907944
0.0819795
0.0337292
0.128897
0.0737301
0.0370446
0.014024
0.0368341
0.179305
0.025634
0.0318206
0.00235693
0.0819361
0.102623
0.0292136
0.0467683
0.0759459
0.0868842
0.0312247
0.0355433
0.181615
0.0181733
0.00422217
0.0788737
0.153052
0.0349852
0.0915203
0.0827075
0.0250002
0.0858385
0.11468
0.0400876
0.0121683
0.0945324
0.00243654
0.00900772
0.0234024
0.0597918
0.101778
0.0510063
0.0846514
0.0767942
0.0694582
0.0923841
0.024977
0.0769703
0.181766
0.0436606
0.132348
0.0417545
0.0275105
0.0664638
0.181029
0.0560032
0.106278
0.0207346
0.106478
0.105015
0.163663
0.0935253
0.154207
0.0701468
0.0917165
0.132691
0.0387919
0.151407
0.159095
0.165303
0.0267496
0.131219
0.0975409
0.0799537
0.0623552
0.105638
0.0681417
0.05643
0.105843
0.040178
0.100633
0.0392539
0.132177
0.0721669
0.020915
0.0682437
0.13407
0.182625
0.0724074
0.0657872
0.155447
0.0354216
0.0118369
0.0774441
0.158018
0.0928606
0.0318811
0.150768
0.149659
0.0148331
0.0487803
0.00229391
0.0591138
0.0279093
0.0364745
0.0626662
0.0326555
0.0271337
0.0772486
0.0619692
0.149446
0.0574905
0.016852
0.182833
0.0556214
0.0425315
0.0359675
0.0215904
0.0550336
0.0333281
0.189559
0.0657418
0.0732524
0.11748
0.149137
0.0702691
0.0281131
0.0928196
0.0825328
0.184637
0.080048
0.0471013
0.069757
0.108422
0.0691208
0.0674734
0.214303
0.102541
0.0306234
0.132743
0.152777
0.0668335
0.0476714
0.0751948
0.0816952
0.206875
0.153875
0.105103
0.10562
0.0772405
0.152659
0.025529
0.030371
0.0312099
0.154191
0.067454
0.0870596
0.0797289
0.189882
0.124724
0.0915963
0.0180566
0.0529825
0.117044
0.00143177
0.0983247
0.158115
0.00379802
0.0916441
0.0667039
0.00725636
0.0774952
0.102427
0.160809
0.0732539
0.11834
0.0355691
0.130405
0.0361291
0.0227802
0.132194
0.0333543
0.060908
0.0268039
0.040549
0.135549
0.0324175
0.0283552
0.00478759
0.0812215
0.114669
0.125143
0.00166371
0.0771512
0.0733712
0.0433973
0.222379
0.0264723
0.0590089
0.063218
0.173092
0.117973
0.0458968
0.0579616
0.0918859
0.0704295
0.0525406
0.0598853
0.117982
0.0909491
0.0577214
0.0126671
0.0197234
0.01205
0.126451
0.0753096
0.00704986
0.17472
0.079547
0.0250612
0.0625433
0.157259
0.11167
0.0106499
0.0331984
0.115941
0.0141912
0.098254
0.0502078
0.0102869
0.00219527
0.0774829
0.015346
0.142486
0.0417824
0.207895
0.0563256
0.0795823
0.122215
0.0648446
0.208399
0.0709369
0.0424924
0.132791
0.134042
0.0127775
0.0594084
0.0123103
0.0314424
0.0756938
0.121006
0.120146
0.112072
0.0638897
0.109059
0.101738
0.00790106
0.152899
0.0152609
0.0212925
0.0678505
0.0784454
0.0774686
0.0373614
0.110099
0.142877
0.0134653
0.145468
0.0986153
0.111331
0.0935308
0.186042
0.070828
0.118978
0.0524973
0.049291
0.0880091
0.0146943
0.138919
0.0927013
0.0751375
0.1001
0.015047
0.0177635
0.117796
0.0650381
0.065043
0.0545063
0.112214
0.0463907
0.0237184
0.214874
0.00936909
0.0165721
0.0482028
0.105487
0.0634184
0.160259
0.0129949
0.0921939
0.0307675
0.0647907
0.0939416
0.0849346
0.166638
0.0305358
0.0106346
0.0794298
0.156162
0.181395
0.126729
0.0270129
0.0073342
0.0645321
0.0809142
0.0220854
0.0644131
0.0272884
0.0125175
0.125752
0.213262
0.137423
0.0507656
0.071669
0.0444634
0.0451328
0.0590906
0.115554
0.0675269
0.158389
0.170935
0.0474194
0.177809
0.0405694
0.071309
0.09006
0.133572
0.115477
0.0786795
0.0170804
0.0202878
0.101978
0.0453715
0.0779792
0.0222143
0.020893
0.0857021
0.206159
0.0437164
0.00296716
0.218393
0.022987
0.0183114
0.0249818
0.051131
0.111476
0.0994955
0.0202701
0.124169
0.0236228
0.031821
0.0955236
0.0422406
0.0485946
0.0796135
0.0584264
0.0706412
0.0629801
0.0511428
0.032598
0.0553158
0.0765779
0.0219366
0.0759968
0.0529388
0.137767
0.138759
0.143427
0.207369
0.121536
0.078181
0.0484527
0.101571
0.0156601
0.109662
0.0562624
0.0161758
0.159147
0.125401
0.0138418
0.118187
0.0201113
0.0269377
0.0559655
0.108798
0.136275
0.0102076
0.191508
0.0329071
0.0519269
0.0349597
0.0560684
0.0870419
0.0361946
0.0553848
0.100376
0.0806576
0.100095
0.132651
0.137525
0.0584865
0.143335
0.0623247
0.184118
0.196624
0.204513
0.121723
0.0167743
0.111236
0.0689467
0.134973
0.147341
0.130743
0.00733973
0.100275
0.13062
0.150465
0.0964592
0.119661
0.175155
0.0816925
0.211016
0.047621
0.0400892
0.0769421
0.160927
0.0615489
0.0880521
0.134346
0.0891871
0.121013
0.112221
0.0199286
0.0563315
0.173231
0.0962438
0.015978
0.0111026
0.0262085
0.0739733
0.0526595
0.0297086
0.120054
0.0837656
0.0934774
0.0540059
0.0484282
0.0548642
0.0454881
0.0713539
0.0997634
0.0462324
0.0603664
0.120598
0.138697
0.190966
0.0633228
0.00436756
0.120639
0.028288
0.0347761
0.145909
0.0244015
0.0333949
0.00461751
0.0829221
0.0534618
0.0532176
0.101534
0.0193462
0.0637907
0.0285834
0.0110945
0.215929
0.0249074
0.0142797
0.0498248
0.0371318
0.0456803
0.0313049
0.0955656
0.0270584
0.0501542
0.0399603
0.153796
0.0751747
0.0381789
0.053744
0.0920131
0.0966622
0.150646
0.127367
0.0666624
0.0636524
0.138632
0.0801072
0.0305212
0.0140746
0.0928886
0.033793
0.0301557
0.0935069
0.105392
0.0193903
0.0608136
0.0497157
0.143794
0.0107476
0.106725
0.142766
0.0648431
0.195843
0.0550582
0.0423655
0.21476
0.0462172
0.0368918
0.082971
0.0912364
0.0233087
0.159257
0.03589
0.0426102
0.0669425
0.0565594
0.0905535
0.0460548
0.0754443
0.17248
0.0330038
0.0275378
0.054205
0.0214703
0.0743651
0.0457678
0.0177579
0.125203
0.205829
0.0449798
0.0231278
0.0979144
0.0326341
0.163178
0.0427727
0.0454302
0.0738056
0.111958
0.111817
0.101589
0.045154
0.0603158
0.0594162
0.00371919
0.0975394
0.0510834
0.100028
0.0281442
0.0789047
0.138466
0.138593
0.122717
0.10665
0.132584
0.0761762
0.0455002
0.0239421
0.0641727
0.0191902
0.00704346
0.0215471
0.0733749
0.0894553
0.0937383
0.083827
0.0571529
0.0289315
0.141571
0.0225288
0.0755637
0.0868942
0.0184226
0.0381447
0.0694646
0.0421511
0.108903
0.171006
0.0758349
0.0426573
0.126212
0.0266428
0.0203445
0.136095
0.0668727
0.0362965
0.0389455
0.0200355
0.0931925
0.143636
0.0122271
0.109209
0.04369
0.0329924
0.0554418
0.0864059
0.0603916
0.0496126
0.0822418
0.0552871
0.0705587
0.0948076
0.0966169
0.0637133
0.083083
0.0339043
0.0581942
0.137221
0.0250786
0.0530308
0.0495579
0.00508835
0.0613234
0.0633594
0.0814947
0.0718396
0.0295668
0.0746546
0.0354325
0.180657
0.0379854
0.00594415
0.00335707
0.159636
0.170705
0.114081
0.0153107
0.0363006
0.0314124
0.0307253
0.0385044
0.0511888
0.0474737
0.0748837
0.0326781
0.0306283
0.0569562
0.0398631
0.0872603
0.167828
0.079921
0.0810712
0.0284087
0.185513
0.0627699
0.0656045
0.0867797
0.0514771
0.0503424
0.0418143
0.0623869
0.0842336
0.0475035
0.0132927
0.116823
0.0947762
0.0306163
0.0453959
0.175573
0.0656347
0.158088
0.109178
0.124991
0.0792272
0.150169
0.120294
0.0196969
0.220732
0.0351797
0.103822
0.0217846
0.0568471
0.128289
0.0706604
0.0816934
0.0282562
0.0635669
0.0569819
0.11079
0.0156384
0.149743
0.102912
0.105
0.0442868
0.137007
0.055296
0.0287691
0.0919516
0.0231191
0.179895
0.122203
0.148016
0.140372
0.0627214
0.068791
0.0995055
0.028908
0.0285224
0.0138921
0.02539
0.00685477
0.156068
0.0641829
0.042999
0.196532
0.0846738
0.138107
0.0257463
0.062986
0.0897336
0.133238
0.0671922
0.0447025
0.0608689
0.144647
0.0422812
0.0437087
0.115692
0.0831584
0.165907
0.0784178
0.117966
0.0559887
0.0466558
0.0720672
0.0079107
0.033502
0.052561
0.039011
0.0477504
0.066365
0.0138936
0.201766
0.0864568
0.0789416
0.151039
0.135755
0.170759
0.195318
0.0381659
0.0889067
0.0129311
0.103721
0.0607977
0.108598
0.0561757
0.0153721
0.179242
0.0722533
0.0443085
0.0142391
0.133072
0.093817
0.137588
0.0774722
0.059038
0.106041
0.0282075
0.0381178
0.0122606
0.0621588
0.0967267
0.0991106
0.167065
0.0403347
0.111847
0.0607275
0.0245125
0.0116093
0.0525299
0.189365
0.12843
0.0202941
0.00417118
0.0256891
0.1463
0.0348172
0.0332368
0.141512
0.0965087
0.114385
0.0975155
0.0188765
0.0829917
0.0107142
0.0183768
0.00867546
0.171655
0.0712462
0.101372
0.0423413
0.105069
0.183153
0.081939
0.0388229
0.128253
0.0462564
0.0117499
0.0283493
0.00789273
0.152923
0.0873774
0.0375623
0.039056
0.128803
0.178216
0.114458
0.0618791
0.0214205
0.144445
0.115277
0.0143906
0.00508243
0.132171
0.0877718
0.0144946
0.0309923
0.0364644
0.175419
0.0256319
0.0172346
0.161119
0.0100669
0.0595103
0.0726971
0.0863273
0.127774
0.00242823
0.0203801
0.0376751
0.0738152
0.0767962
0.0157183
0.108054
0.0336825
0.139441
0.0803618
0.0698324
0.0949943
0.126338
0.0380026
0.141817
0.0284398
0.0993862
0.0732396
0.0146425
0.177163
0.113767
0.025924
0.123252
0.01053
0.00918644
0.216326
0.156304
0.0326813
0.165074
0.0429179
0.0463623
0.0264268
0.009805
0.0188412
0.111192
0.156471
0.0279203
0.0850126
0.0233868
0.133869
0.141362
0.0651569
0.0326399
0.0790676
0.0304446
0.0658362
0.0137068
0.0991154
0.193803
0.19408
0.0200923
0.0465864
0.0974146
0.108129
0.0712315
0.105994
0.0911099
0.0383565
0.111308
0.0548082
0.174644
0.138517
0.0947475
0.13281
0.139651
0.092469
0.0621311
0.0201858
0.0628584
0.142841
0.0346501
0.0145068
0.0583451
0.0788753
0.032503
0.0951975
0.0981023
0.0402357
0.0117514
0.07162
0.108062
0.180345
0.0171663
0.122655
0.167316
0.124153
0.0670033
0.0687431
0.0436963
0.0362406
0.0639825
0.055832
0.140453
0.0230293
0.097704
0.0474227
0.0857144
0.127428
0.126264
0.1885
0.0330221
0.0763032
0.0483206
0.126446
0.0033118
0.164258
0.018768
0.0330661
0.0321318
0.137133
0.0483807
0.0759271
0.0247271
0.0733373
0.0223194
0.156371
0.0236548
0.0990498
0.0377532
0.111939
0.140584
0.012432
0.0360619
0.138271
0.00605518
0.0390957
0.0112493
0.0907944
0.0819795
0.0337292
0.128897
0.0737301
0.0370446
0.014024
0.0368341
0.179305
0.025634
0.0318206
0.00235693
0.0819361
0.102623
0.0292136
0.0467683
0.0759459
0.0868842
0.0312247
0.0355433
0.181615
0.0181733
0.00422217
0.0788737
0.153052
0.0349852
0.0915203
0.0827075
0.0250002
0.0858385
0.11468
0.0400876
0.0121683
0.0945324
0.00243654
0.00900772
0.0234024
0.0597918
0.101778
0.0510063
0.0846514
0.0767942
0.0694582
0.0923841
0.024977
0.0769703
0.181766
0.0436606
0.132348
0.0417545
0.0275105
0.0664638
0.181029
0.0560032
0.106278
0.0207346
0.106478
0.105015
0.163663
0.0935253
0.154207
0.0701468
0.0917165
0.132691
0.0387919
0.151407
0.159095
0.165303
0.0267496
0.131219
0.0975409
0.0799537
0.0623552
0.105638
0.0681417
0.05643
0.105843
0.040178
0.100633
0.0392539
0.132177
0.0721669
0.020915
0.0682437
0.13407
0.182625
0.0724074
0.0657872
0.155447
0.0354216
0.0118369
0.0774441
0.158018
0.0928606
0.0318811
0.150768
0.149659
0.0148331
0.0487803
0.00229391
0.0591138
0.0279093
0.0364745
0.0626662
0.0326555
0.0271337
0.0772486
0.0619692
0.149446
0.0574905
0.016852
0.182833
0.0556214
0.0425315
0.0359675
0.0215904
0.0550336
0.0333281
0.189559
0.0657418
0.0732524
0.11748
0.149137
0.0702691
0.0281131
0.0928196
0.0825328
0.184637
0.080048
0.0471013
0.069757
0.108422
0.0691208
0.0674734
0.214303
0.102541
0.0306234
0.132743
0.152777
0.0668335
0.0476714
0.0751948
0.0816952
0.206875
0.153875
0.105103
0.10562
0.0772405
0.152659
0.025529
0.030371
0.0312099
0.154191
0.067454
0.0870596
0.0797289
0.189882
0.124724
0.0915963
0.0180566
0.0529825
0.117044
0.00143177
0.0983247
0.158115
0.00379802
0.0916441
0.0667039
0.00725636
0.0774952
0.102427
0.160809
0.0732539
0.11834
0.0355691
0.130405
0.0361291
0.0227802
0.132194
0.0333543
0.060908
0.0268039
0.040549
0.135549
0.0324175
0.0283552
0.00478759
0.0812215
0.114669
0.125143
0.00166371
0.0771512
0.0733712
0.0433973
0.222379
0.0264723
0.0590089
0.063218
0.173092
0.117973
0.0458968
0.0579616
0.0918859
0.0704295
0.0525406
0.0598853
0.117982
0.0909491
0.0577214
0.0126671
0.0197234
0.01205
0.126451
0.0753096
0.00704986
0.17472
0.079547
0.0250612
0.0625433
0.157259
0.11167
0.0106499
0.0331984
0.115941
0.0141912
0.098254
0.0502078
0.0102869
0.00219527
0.0774829
0.015346
0.142486
0.0417824
0.207895
0.0563256
0.0795823
0.122215
0.0648446
0.0469271
0.118904
0.154399
0.0291388
0.112789
0.027915
0.0734589
0.0591222
0.0873038
0.0232172
0.0841388
0.0213368
0.120495
0.157057
0.0117843
0.0598815
0.129844
0.111643
0.0447917
0.0118359
0.185663
0.0571577
0.101536
0.0797959
0.0336576
0.0949974
0.092797
0.0381137
0.110824
0.0175836
0.100803
0.0453327
0.0104355
0.123263
0.057315
0.0953657
0.0111241
0.11423
0.0669662
0.0968759
0.111008
0.182314
0.0243151
0.170773
0.0314991
0.0937918
0.12513
0.0216957
0.122724
0.0649331
0.0432647
0.0397791
0.0611545
0.106712
0.162539
0.097855
0.00381344
0.00364558
0.0498292
0.0023545
0.0226879
0.136876
0.102332
0.0365332
0.118657
0.00716667
0.059517
0.0600974
0.0127375
0.00506787
0.0474294
0.0758707
0.0336356
0.205024
0.147179
0.0718794
0.187087
0.101252
0.0969514
0.0879834
0.0907361
0.144532
0.016873
0.13753
0.045048
0.0562219
0.0886429
0.0800736
0.0854322
0.0888759
0.159277
0.0941457
0.0853479
0.028302
0.0912641
0.0762723
0.124658
0.0606035
0.013258
0.0446239
0.0311165
0.0155298
0.0536832
0.191227
0.174379
0.0139159
0.0437009
0.0822153
0.0430095
0.0317583
0.0699442
0.160471
0.0190076
0.0192692
0.153141
0.0716445
0.0993198
0.0200589
0.154932
0.0749525
0.0888993
0.0608535
0.107668
0.192497
0.0454226
0.0826765
0.0694615
0.0508778
0.120096
0.0175918
0.0254423
0.0369887
0.00880467
0.12728
0.145359
0.00333442
0.0130307
0.102768
0.0658246
0.0735757
0.11807
0.0527956
0.0167019
0.126572
0.13236
0.0814496
0.0186449
0.099544
0.123309
0.0531275
0.146686
0.0748941
0.0328375
0.135121
0.0628253
0.0455254
0.118562
0.138496
0.0467809
0.132256
0.0337911
0.0835494
0.0449893
0.0946124
0.0623479
0.135347
0.0178341
0.0185996
0.0156624
0.0437811
0.0903033
0.0887129
0.0177525
0.0184676
0.0971007
0.12604
0.0483602
0.0290212
0.073961
0.0665608
0.15721
0.153554
0.0619456
0.022847
0.00870398
0.0974946
0.0224331
0.104791
0.063412
0.108881
0.0606584
0.0369592
0.0703597
0.0180785
0.0675382
0.0347787
0.170881
0.1096
0.0169593
0.0474202
0.0373823
0.0788685
0.076961
0.0899704
0.0291762
0.00293244
0.141776
0.126329
0.0469879
0.0908198
0.102515
0.0591605
0.0902785
0.0232481
0.0186504
0.0356518
0.0839234
0.116655
0.0773727
0.135332
0.0646191
0.138073
0.0374389
0.0434977
0.130668
0.0647185
0.0236824
0.181233
0.033102
0.11028
0.0950377
0.00952477
0.0408824
0.0820639
0.0157739
0.0799437
0.00319379
0.164918
0.0670616
0.0039852
0.105894
0.0844853
0.0611197
0.104609
0.0126224
0.0409068
0.0741858
0.002483
0.017352
0.113982
0.0678871
0.0167786
0.0448299
0.0250468
0.113752
0.0161891
0.102083
0.0164624
0.0935238
0.0271838
0.0342892
0.161241
0.0708014
0.168823
0.0167909
0.00394394
0.0153096
0.053011
0.0224967
0.021313
0.11503
0
0.0149489
0.0644482
0.201918
0.0823847
0.209738
0.0568585
0.062277
0.082863
0.0210021
0.130782
0.111275
0.0684196
0.0228167
0.128193
0.0237609
0.113516
0.0125606
0.00949445
0.0650973
0.0390317
0.129401
0.112765
0.128687
0.0371809
0.0805247
0.0453607
0.11065
0.0537085
0.07952
0.10248
0.0447133
0.0849958
0.069434
0.16645
0.189212
0.0848349
0.183332
0.0811272
0.171592
0.0714418
0.072975
0.147728
0.122507
0.0026544
0.0523883
0.0240456
0.221715
0.0482182
0.0583368
0.146582
0.0705564
0.0315816
0.15185
0.162754
0.0707045
0.0714827
0.149645
0.0556156
0.0385141
0.211565
0.0370955
0.137525
0.089839
0.0164564
0.13414
0.134649
0.082286
0.0212403
0.0417001
0.0405087
0.0313687
0.115108
0.153054
0.0594882
0.0235625
0.0362484
0.073228
0.0166377
0.0945336
0.0223414
0.0314024
0.0298542
0.0129966
0.153568
0.165516
0.0615287
0.0553888
0.180989
0.0559277
0.159039
0.00615881
0.0530027
0.0389589
0.126207
0.14735
0.0236987
0.0588635
0.0918754
0.210966
0.153168
0.0341976
0.121214
0.0896395
0.0139615
0.0949546
0.154062
0.14058
0.0798974
0.0847918
0.0778876
0.0702608
0.133304
0.0664655
0.101579
0.152979
0.100514
0.17276
0.1472
0.120055
0.0618717
0.180127
0.156883
0.0954899
0.146188
0.214896
0.105277
0.028741
0.0895852
0.0635616
0.0351311
0.0544254
0.187478
0.063167
0.115722
0.149612
0.0938157
0.163615
0.0486377
0.0483623
0.0770759
0.0638865
0.0252302
0.174045
0.0680739
0.0393823
0.112693
0.0548045
0.0249663
0.0417951
0.0956648
0.00363843
0.0717994
0.0691071
0.0241549
0.0531464
0.0863288
0.148215
0.201732
0.0650956
0.0469843
0.0732479
0.0203398
0.00985926
0.149592
0.0803689
0.0911309
0.17575
0.129952
0.178837
0.123478
0.150777
0.105301
0.0759833
0.114092
0.114749
0.126757
0.0238778
0.114114
0.047643
0.0135325
0.0975742
0.125128
0.12261
0.0966165
0.0682376
0.032687
0.00322655
0.106251
0.151593
0.0656751
0.114435
0.00477566
0.113782
0.0985278
0.120748
0.152823
0.114527
0.0548478
0.0854945
0.120322
0.0953008
0.176325
0.122223
0.0249313
0.141291
0.0798696
0.0118481
0.158594
0.0113749
0.0167069
0.0274097
0.113283
0.0431833
0.077645
0.187104
0.0347401
0.113367
0.163564
0.0762468
0.0547496
0.127812
0.0760981
0.0752134
0.0316427
0.0620386
0.107235
0.114697
0.127324
0.0678967
0.143908
0.0492154
0.141526
0.083845
0.0882754
0.0299481
0.0756125
0.0292887
0.041248
0.0742271
0.00493468
0.0780358
0.075053
0.0821261
0.147946
0.107863
0.0201788
0.140483
0.0331587
0.105052
0.0216391
0.0900063
0.13797
0.0625612
0.105397
0.0683577
0.1044
0.0730394
0.00811628
0.0852089
0.0171621
0.0833934
0.177119
0.0398984
0.019456
0.0354512
0.108033
0.130293
0.00171586
0.0137803
0.0667459
0.0896167
0.0396569
0.0417814
0.162321
0.0974309
0.055543
0.0542587
0.0715846
0.111983
0.100054
0.10839
0.174037
0.182893
0.0614847
0.0529015
0.182162
0.0211976
0.063095
0.0373129
0.0469403
0.125607
0.0762284
0.196763
0.124606
0.121354
0.0228424
0.0609213
0.0482987
0.045887
0.0263175
0.0523283
0.0692512
0.0444184
0.0706723
0.196025
0.0224351
0.0867508
0.10543
0.0422923
0.0841519
0.0636316
0.190689
0.0706493
0.216688
0.0566251
0.0258173
0.0252107
0.0254799
0.192529
0.0218572
0.0429903
0.065535
0.0894457
0.0846724
0.0499675
0.0380386
0.0058356
0.0876122
0.0932213
0.139469
0.0687636
0.0711671
0.181199
0.0708813
0.136114
0.0614723
0.0957604
0.141069
0.0524281
0.0436675
0.0326398
0.0165373
0.0213794
0.103837
0.0327491
0.0571676
0.0625258
0.0841473
0.0818475
0.0116146
0.0922854
0.110319
0.0614768
0.0490236
0.068649
0.0177473
0.0302357
0.0449248
0.0642402
0.0881336
0.0298484
0.00638763
0.104873
0.0244193
0.0722206
0.130941
0.0729175
0.0167642
0.0818653
0.152696
0.00505702
0.0473738
0.105355
0.115667
0.0298885
0.105349
0.116337
0.0679887
0.014985
0.0484378
0.121935
0.0368769
0.10522
0.132635
0.0563999
0.0637278
0.0740281
0.0396516
0.0481711
0.0407679
0.0589488
0.0391415
0.056226
0.102223
0.197501
0.0986789
0.092928
0.210231
0.0974414
0.0383603
0.131585
0.0456916
0.177796
0.0432098
0.0831429
0.044459
0.0282577
0.126683
0.151058
0.0565156
0.156149
0.140076
0.0446228
0.0817804
0.0842891
0.132069
0.0563689
0.163618
0.0287584
0.0100045
0.0354531
0.120804
0.0747771
0.117008
0.04993
0.0695748
0.0441374
0.168342
0.0468795
0.052142
0.144993
0.0521211
0.0142862
0.00052336
0.152676
0.0611149
0.0483436
0.0400844
0.0126415
0.156466
0.0541821
0.0615713
0.01935
0.0134961
0.158908
0.0473492
0.0940977
0.0464761
0.0588511
0.165492
0.0523099
0.105885
0.0525656
0.104281
0.123276
0.124871
0.12406
0.0335366
0.0960935
0.126132
0.0462969
0.0310632
0.0414979
0.0399754
0.0701751
0.133826
0.101625
0.0548159
0.0792387
0.0362575
0.0133483
0.151484
0.0655953
0.146807
0.073297
0.118594
0.0984324
0.0445814
0.0506321
0.0611298
0.0720763
0.139147
0.021149
0.141178
0.0333688
0.157192
0.019871
0.00657442
0.0946574
0.0811423
0.0197773
0.0127535
0.0337241
0.0541644
0.0171417
0.0109261
0.044409
0.137055
0.0473305
0.031733
0.0105372
0.123923
0.142788
0.061587
0.0911988
0.0317731
0.103492
0.0321465
0.140512
0.098438
0.151136
0.0333134
0.0920149
0.0343475
0.0824291
0.142484
0.0705028
0.0508784
0.0883666
0.135189
0.129664
0.0742853
0.0398919
0.0953413
0.0703088
0.144685
0.103354
0.0669614
0.0660292
0.18325
0.0965355
0.0434323
0.018928
0.0754026
0.036803
0.175684
0.183887
0.0145302
0.0425901
0.0431426
0.107368
0.0700695
0.106842
0.152892
0.0371767
0.0274111
0.0371293
0.0196351
0.0190938
0.0603318
0.106202
0.0383367
0.0543
0.0516215
0.0218796
0.0265984
0.116729
0.0499295
0.11173
0.00988257
0.027125
0.148249
0.0443331
0.148728
0.0966192
0.128875
0.0571772
0.0173396
0.0476739
0.203915
0.0178262
0.163169
0.0654725
0.146373
0.112863
0.0242761
0.0185094
0.0265305
0.10475
0.0564478
0.00461908
0.0610008
0.111175
0.0131354
0.13615
0.155776
0.0580314
0.140074
0.0122325
0.147925
0.00712391
0.00475856
0.0446169
0.0571824
0.0122942
0.0365378
0.100227
0.0772525
0.0950426
0.0809628
0.0582242
0.0084319
0.0196355
0.0276383
0.0299633
0.155867
0.197968
0.0184356
0.161066
0.113502
0.0267249
0.0876782
0.0167839
0.0934905
0.0389083
0.036471
0.0232911
0.0819902
0.0133219
0.0931819
0.066675
0.0339469
0.0289045
0.133817
0.0132638
0.0905438
0.0393307
0.190809
0.163817
0.0452454
0.0112379
0.219494
0.197922
0.114576
0.0381704
0.0338742
0.163548
0.0770326
0.0879441
0.0368255
0.0529809
0.062741
0.169636
0.0152594
0.0789496
0.0433817
0.0932067
0.073107
0.14621
0.166333
0.00609243
0.185756
0.0474459
0.0448282
0.0138837
0.0321118
0.0773826
0.127634
0.0170936
0.0518344
0.0643748
0.0623073
0.214306
0.0281503
0.114378
0.0543143
0.130028
0.117908
0.0939381
0.0541724
0.22362
0.119856
0.00428727
0.107649
0.0093539
0.132855
0.0310722
0.0723445
0.106685
0.118568
0.0848619
0.0893607
0.0529383
0.0394605
0.018704
0.0533974
0.113046
0.0858618
0.0523935
0.0917751
0.0428526
0.0775497
0.0430744
0.038136
0.0166136
0.0569757
0.0602918
0.0933834
0.0523866
0.0825862
0.0321617
0.189063
0.0635466
0.0962708
0.0164704
0.0814346
0.11641
0.025896
0.0617838
0.0230853
0.0561347
0.106028
0.0598033
0.0924606
0.218344
0.11015
0.0262238
0.0350565
0.0241955
0.0323394
0.137197
0.0380143
0.0772153
0.192032
0.0128801
0.0692908
0.0696358
0.0104262
0.0436829
0.0425873
0.023403
0.0604179
0.0678296
0.0342726
0.107023
0.0586628
0.161505
0.18134
0.0438453
0.0349234
0.200163
0.0120995
0.136372
0.0270157
0.15392
0.115643
0.0454284
0.0965423
0.0438052
0.131509
0.022499
0.0484806
0.0333606
0.107384
0.135614
0.0105321
0.061604
0.0276354
0.123479
0.0193844
0.0993576
0.0337137
0.014739
0.126333
0.066497
0.115023
0.0653193
0.0221032
0.191977
0.0584983
0.0274422
0.0832636
0.104099
0.115444
0.0931362
0.138031
0.0267591
0.0959749
0.0447094
0.025117
0.126563
0.142635
0.120637
0.0471609
0.0381144
0.160982
0.206938
0.125838
0.0397706
0.123378
0.0389857
0.0767843
0.0653917
0.0161753
0.0368341
0.0297083
0.0909504
0.0114537
0.134979
0.118375
0.0710298
0.0714592
0.0596821
0.140255
0.0310321
0.0214782
0.0695241
0.12032
0.118531
0.0766545
0.0102578
0.10809
0.054129
0.112699
0.0707543
0.058683
0.065952
0.207329
0.0988421
0.0357824
0.172918
0.0400837
0.103095
0.0550677
0.031934
0.0263732
0.0516568
0.0877038
0.00633621
0.0368514
0.123652
0.160835
0.0530939
0.0593734
0.0118099
0.0619563
0.0134247
0.042406
0.0128558
0.0904836
0.0664807
0.0775855
0.136572
0.0132997
0.127329
