0.0569814
0.177863
0.143798
0.182424
0.140838
0.196187
0.0495244
0.174256
0.0948629
0.0354534
0.185168
0.169423
0.0478816
0.056401
0.0155597
0.022546
0.0270996
0.0839149
0.100082
0.0488277
0.0840874
0.0822652
0.117267
0.0820632
0.151009
0.024051
0.128225
0.0238501
0.0917358
0.037626
0.0535647
0.057444
0.0479299
0.15924
0.0923434
0.0783229
0.0200539
0.0328009
0.0433033
0.146185
0.0770359
0.106915
0.0852769
0.187001
0.0121766
0.0880981
0.0890743
0.105324
0.0620337
0.153922
0.0414319
0.118419
0.182404
0.118091
0.0378939
0.0479065
0.10583
0.125204
0.162225
0.126924
0.114969
0.12791
0.0590529
0.0324276
0.0613629
0.0313606
0.0122879
0.0542842
0.0786996
0.0817353
0.066159
0.0399258
0.0285877
0.0439144
0.139465
0.124382
0.0458443
0.0767164
0.0470601
0.00434353
0.192719
0.120494
0.0210709
0.128806
0.0750244
0.0329139
0.0196205
0.185422
0.09922
0.0883239
0.0558098
0.133136
0.124737
0.0109251
0.0440757
0.0314726
0.0874004
0.0926178
0.0991812
0.0416601
0.0593925
0.0651535
0.126523
0.220422
0.147141
0.0470111
0.0645168
0.0501076
0.0488075
0.1284
0.192465
0.0256389
0.105352
0.0749383
0.0997361
0.170337
0.109629
0.0291321
0.121751
0.130715
0.0400408
0
0.129411
0.0447357
0.0434009
0.143847
0.0615477
0.03546
0.162587
0.0344029
0.114526
0.0211401
0.0399523
0.158036
0.103407
0.00904137
0.0385231
0.161795
0.0717514
0.115319
0.0722296
0.0281425
0.141584
0.0883638
0.0714185
0.0977215
0.0348393
0.0450321
0.110936
0.0714931
0.142326
0.0597184
0.009301
0.0984356
0.011254
0.0775945
0.109533
0.0405117
0.105371
0.191904
0.155895
0.0529071
0.0302185
0.137926
0.0853918
0.11797
0.129645
0.123513
0.180192
0.154834
0.0531511
0.140639
0.0204356
0.00733835
0.0102515
0.098364
0.0742032
0.063646
0.150509
0.0043766
0.0412072
0.0507624
0.204089
0.0113543
0.0364513
0.0498559
0.179677
0.0383501
0.154137
0.0544851
0.0684022
0.0521069
0.0796888
0.0544343
0.04692
0.026821
0.0559801
0.211505
0.11651
0.0548772
0.0379486
0.142846
0.0264314
0.156949
0.1734
0.0552178
0.148608
0.0333191
0.142316
0.123833
0.0309229
0.100779
0.126968
0.0935296
0.180686
0.110012
0.0163623
0.140615
0.022911
0.141213
0.0364893
0.118164
0.0149301
0.0951716
0.0157252
0.12095
0.0677837
0.0556637
0.207344
0.195506
0.14067
0.0597742
0.0463057
0.16158
0.172454
0.0407613
0.00897942
0.0733229
0.0858569
0.157518
0.0868158
0.0230297
0.137988
0.16023
0.0362218
0.111577
0.0478745
0.0294592
0.11465
0.113787
0.0168045
0.00141626
0.0675355
0.0845756
0.146547
0.115325
0.0505558
0.222025
0.0607499
0.0602167
0.0435156
0.177626
0.081856
0.00958192
0.119505
0.0304799
0.0308915
0.0731457
0.0995266
0.061728
0.0649063
0.0439948
0.00183405
0.0536035
0.0330889
0.0345082
0.04883
0.0856898
0.100004
0.164656
0.0675416
0.0385669
0.0434595
0.0141853
0.0320126
0.142171
0.0868164
0.167552
0.0793813
0.176643
0.0796085
0.0110869
0.0299104
0.0331467
0.00293993
0.116536
0.0853053
0.0793903
0.0526272
0.0633901
0.175716
0.180834
0.101325
0.0361489
0.0926964
0.0899118
0.0382956
0.0616817
0.0972936
0.0541218
0.0384381
0.184468
0.0883172
0.0707781
0.141799
0.0922524
0.00876989
0.0226787
0.158675
0.0662187
0.146114
0.0857712
0.0278162
0.092964
0.0580707
0.0430367
0.00206816
0.0745852
0.109616
0.0323806
0.0994579
0.0029034
0.0328024
0.0526849
0.0457847
0.0694417
0.0116902
0.0900516
0.0251752
0.10248
0.106922
0.0664117
0.0328037
0.120008
0.0925043
0.138565
0.0982146
0.163511
0.102645
0.0674024
0.0293565
0.0601002
0.0165306
0.145527
0.10591
0.0331889
0.0877466
0.0160606
0.0617557
0.184306
0.102239
0.0132556
0.144585
0.0746733
0.11554
0.0658902
0.028289
0.048627
0.0730604
0.0653477
0.111009
0.0594051
0.00626862
0.0252185
0.0615423
0.156044
0.104491
0.022168
0.109459
0.0229825
0.131317
0.165989
0.0543966
0.00835531
0.0523408
0.0334556
0.0540578
0.102483
0.175402
0.0208872
0.0757909
0.0600603
0.0544639
0.185535
0.0428584
0.0494953
0.112215
0.0207413
0.110739
0.187847
0.074462
0.115522
0.0655008
0.0850013
0.0500554
0.164326
0.040822
0.127943
0.0777473
0.18372
0.0382091
0.0148791
0.0468689
0.17018
0.0435554
0.0150146
0.0787229
0.039588
0.166684
0.0279786
0.168362
0.130836
0.0446588
0.0388383
0.104889
0.0553325
0.127028
0.132641
0.0253229
0.137605
0.0452826
0.0376745
0.0328643
0.149615
0.180991
0.182282
0.049149
0.126387
0.128273
0.0749198
0.0338313
0.128829
0.072294
0.0670005
0.0221042
0.0336522
0.016183
0.141424
0.103296
0.104317
0.11525
0.0213707
0.0890459
0.076229
0.145268
0.129522
0.0669006
0.0494966
0.203519
0.0328414
0.123816
0.178183
0.0793993
0.132999
0.157007
0.0533463
0.146475
0.0267849
0.0460921
0.0720321
0.119567
0.216851
0.0780183
0.0454377
0.0842965
0.187985
0.0829413
0.0814964
0.0503146
0.0497728
0.123455
0.0776581
0.061367
0.125751
0.0375733
0.149811
0.162331
0.036639
0.0381476
0.00353423
0.0276021
0.111399
0.00718142
0.0444359
0.0251979
0.0190248
0.11979
0.0645697
0.18034
0.0765779
0.0258337
0.0815886
0.0331669
0.0206662
0.0217138
0.0303319
0.0227483
0.15578
0.0238697
0.037673
0.0607241
0.0464848
0.19054
0.147747
0.200479
0.105307
0.0992019
0.0070368
0.18777
0.165786
0.150095
0.166416
0.0510573
0.107367
0.133723
0.14157
0.043156
0.00270199
0.0780977
0.0239464
0.0422809
0.0687506
0.154846
0.0779738
0.0619489
0.125065
0.0274308
0.125937
0.148492
0.0906412
0.0238118
0.0867475
0.144976
0.0967175
0.163137
0.044767
0.0339767
0.0222164
0.0452918
0.0498289
0.118444
0.04248
0.0624597
0.0683106
0.063268
0.0304904
0.048792
0.019028
0.0658201
0.0375008
0.0989191
0.0383845
0.0190803
0.113292
0.0718175
0.0351797
0.097453
0.0509253
0.0762877
0.0604895
0.0220005
0.0416234
0.136515
0.167978
0.0142161
0.194346
0.0757806
0.0792257
0.172998
0.0233731
0.0375592
0.137122
0.0826913
0.0341558
0.0691469
0.0916717
0.0664423
0.0408515
0.0957482
0.166476
0.0338294
0.0588001
0.0574705
0.11057
0.0116354
0.00701626
0.0415694
0.038934
0.0285214
0.135047
0.112602
0.0343367
0.0574515
0.0597078
0.00283412
0.0394337
0.0669672
0.0311594
0.169939
0.0387697
0.0474674
0.110817
0.0588098
0.0361267
0.0916907
0.0454006
0.007371
0.039474
0.12371
0.127391
0.166127
0.0490714
0.114432
0.0531367
0.0615519
0.164178
0.111676
0.00903269
0.0179958
0.0107879
0.0841009
0.025437
0.0571873
0.019104
0.123674
0.0267522
0.0588644
0.0848604
0.172434
0.0317778
0.124481
0.178099
0.0853807
0.148224
0.0801769
0.0347738
0.114131
0.0803484
0.107584
0.00288056
0.0635626
0.0127854
0.0601306
0.0460434
0.0268005
0.131675
0.109776
0.177607
0.0659647
0.0677987
0.0313658
0.121225
0.0832917
0.0263981
0.0198792
0.0956333
0.00359399
0.180216
0.0448079
0.0596612
0.125402
0.15601
0.0328128
0.131367
0.138111
0.0839084
0.0183924
0.111793
0.033761
0.0611127
0.072627
0.0560514
0.0371553
0.0367464
0.120864
0.0848843
0.117638
0.056735
0.080932
0.125149
0.0527331
0.0481705
0.053574
0.0634314
0.0552118
0.160847
0.0194714
0.128782
0.0664895
0.0891225
0.145606
0.183896
0.118661
0.189709
0.0272776
0.044994
0.176789
0.100847
0.0103031
0.025618
0.0211322
0.162334
0.15425
0.127168
0.163441
0.0243593
0.0390078
0.0163079
0.073048
0.103645
0.0319885
0.00927087
0.0857076
0.0569613
0.0927216
0.130307
0.192545
0.00854458
0.00850879
0.0351964
0.0756729
0.0774587
0.0339814
0.0756233
0.0229909
0.059628
0.073903
0.131156
0.0199182
0.0333942
0.182051
0.0656328
0.119748
0.0548588
0.0405608
0.00970618
0.0298983
0.0956951
0.0774882
0.0707368
0.0112563
0.132387
0.105514
0.0269723
0.133238
0.0943955
0.0226779
0.129271
0.0158408
0.0856428
0.0643587
0.0130024
0.0495385
0.0159362
0.0497167
0.0829426
0.112613
0.133354
0.0219891
0.120385
0.00996868
0.192017
0.120092
0.0565605
0.0197637
0.045114
0.0629542
0.0329176
0.131884
0.0468149
0.169681
0.0509764
0.0379986
0.184574
0.0428269
0.160078
0.0886818
0.0388209
0.0448818
0.0448909
0.169525
0.111093
0.0612025
0.0700402
0.0120895
0.203
0.0770009
0.0595139
0.0113649
0.0283818
0.125412
0.0175112
0.120281
0.0705437
0.0241739
0.0098931
0.154518
0.139393
0.0526692
0.163844
0.0981118
0.0109566
0.195696
0.109644
0.0408701
0.142593
0.0389785
0.144739
0.0268888
0.154417
0.0578184
0.101898
0.0974937
0.0886557
0.0654846
0.127909
0.00587537
0.035428
0.0233171
0.121583
0.139359
0.118041
0.113267
0.0394682
0.0980205
0.0194677
0.0349929
0.0563476
0.0642317
0.0686433
0.0607997
0.0288863
0.0485915
0.191146
0.00691077
0.114878
0.0272382
0.148888
0.0792632
0.023175
0.146542
0.0758636
0.0639003
0.0226945
0.0826732
0.0624435
0.0398944
0.0921134
0.0644349
0.10875
0.109263
0.19594
0.058499
0.163453
0.0401286
0.0189298
0.153921
0.10324
0.0545118
0.149261
0.0299255
0.0191291
0.0785094
0.113772
0.0184832
0.0225622
0.168869
0.200121
0.107644
0.140015
0.189918
0.0516765
0.135546
0.0682496
0.0560297
0.00126619
0.0295275
0.0147256
0.0840869
0.0231528
0.192229
0.102797
0.0690064
0.114257
0.0391584
0.069829
0.0629027
0.100085
0.174094
0.0680975
0.0836177
0.131462
0.0383782
0.00852806
0.039978
0.0427647
0.118451
0.166433
0.0206076
0.180905
0.11087
0.0328509
0.0579648
0.010885
0.0158529
0.057163
0.0755554
0.0436571
0.0749794
0.167007
0.0854918
0.151013
0.022338
0.0595927
0.12098
0.0999337
0.0331529
0.108097
0.107799
0.110461
0.043006
0.0304259
0.122715
0.0697155
0.107234
0.0132708
0.074826
0.209463
0.00237826
0.127182
0.051492
0.0685941
0.00507038
0.0712549
0.041004
0.0650626
0.099666
0.0597317
0.145342
0.0820263
0.0794903
0.0597608
0.0815529
0.108275
0.0657277
0.0830231
0.083368
0.0904209
0.106265
0.0166942
0.0261602
0.097798
0.199948
0.0716679
0.118679
0.0962406
0.0909864
0.0926479
0.12689
0.162411
0.0454441
0.0145685
0.130713
0.120134
0.155288
0.183271
0.119927
0.194985
0.0558792
0.0588175
0.0574436
0.125606
0.0289176
0.0384821
0.115512
0.0843807
0.024132
0.188941
0.124341
0.0556307
0.0340083
0.130286
0.187942
0.0342146
0.128016
0.053265
0.0176834
0.0224254
0.0839581
0.0374371
0.0340601
0.102588
0.0458661
0.0307232
0.0886312
0.104006
0.0715219
0.00432625
0.106539
0.0422931
0.10811
0.173617
0.173316
0.197803
0.0672802
0.0668725
0.107584
0.0684363
0.0507365
0.105457
0.208091
0.201372
0.16143
0.108723
0.069588
0.0656854
0.0141353
0.0774702
0.0743523
0.119247
0.128242
0.0410911
0.027223
0.0406535
0.111551
0.0677863
0.0312204
0.0569989
0.0909834
0.0864263
0.197182
0.0322024
0.099469
0.0567581
0.0641746
0.0632251
0.0745066
0.109681
0.105046
0.110956
0.100167
0.132284
0.0274551
0.0674059
0.14472
0.0399831
0.121562
0.0891784
0.0490227
0.00183626
0.0733161
0.148669
0.0503636
0.0790771
0.0680874
0.0706054
0.0751741
0.0791373
0.0307791
0.046868
0.00811988
0.10265
0.0469367
0.0117577
0.0479058
0.130459
0.195026
0.0131498
0.00757898
0.113021
0.0302983
0.0249777
0.0919283
0.0900934
0.0657888
0.145596
0.0600579
0.126074
0.18484
0.0929594
0.192124
0.0756763
0.0737404
0.0449216
0.107421
0.127844
0.0921978
0.0701125
0.0319451
0.0621992
0.0189613
0.033346
0.0123101
0.0401506
0.0805397
0.0390733
0.00645934
0.0870259
0.0768323
0.0548464
0.122007
0.0189769
0.0989571
0.0334538
0.0852429
0.129704
0.0561786
0.0805046
0.00966892
0.076787
0.0797697
0.0716315
0.0693891
0.0954641
0.0073977
0.0385731
0.0585146
0.0388893
0.12041
0.0189143
0.0901508
0.0777817
0.18221
0.0731739
0.076899
0.120692
0.00233438
0.164542
0.0535107
0.010372
0.0850837
0.0981996
0.0570243
0.0298241
0.142409
0.0333465
0.178957
0.0569814
0.177863
0.143798
0.182424
0.140838
0.196187
0.0495244
0.174256
0.0948629
0.0354534
0.185168
0.169423
0.0478816
0.056401
0.0155597
0.022546
0.0270996
0.0839149
0.100082
0.0488277
0.0840874
0.0822652
0.117267
0.0820632
0.151009
0.024051
0.128225
0.0238501
0.0917358
0.037626
0.0535647
0.057444
0.0479299
0.15924
0.0923434
0.0783229
0.0200539
0.0328009
0.0433033
0.146185
0.0770359
0.106915
0.0852769
0.187001
0.0121766
0.0880981
0.0890743
0.105324
0.0620337
0.153922
0.0414319
0.118419
0.182404
0.118091
0.0378939
0.0479065
0.10583
0.125204
0.162225
0.126924
0.114969
0.12791
0.0590529
0.0324276
0.0613629
0.0313606
0.0122879
0.0542842
0.0786996
0.0817353
0.066159
0.0399258
0.0285877
0.0439144
0.139465
0.124382
0.0458443
0.0767164
0.0470601
0.00434353
0.192719
0.120494
0.0210709
0.128806
0.0750244
0.0329139
0.0196205
0.185422
0.09922
0.0883239
0.0558098
0.133136
0.124737
0.0109251
0.0440757
0.0314726
0.0874004
0.0926178
0.0991812
0.0416601
0.0593925
0.0651535
0.126523
0.220422
0.147141
0.0470111
0.0645168
0.0501076
0.0488075
0.1284
0.192465
0.0256389
0.105352
0.0749383
0.0997361
0.170337
0.109629
0.0291321
0.121751
0.130715
0.0400408
0
0.129411
0.0447357
0.0434009
0.143847
0.0615477
0.03546
0.162587
0.0344029
0.114526
0.0211401
0.0399523
0.158036
0.103407
0.00904137
0.0385231
0.161795
0.0717514
0.115319
0.0722296
0.0281425
0.141584
0.0883638
0.0714185
0.0977215
0.0348393
0.0450321
0.110936
0.0714931
0.142326
0.0597184
0.009301
0.0984356
0.011254
0.0775945
0.109533
0.0405117
0.105371
0.191904
0.155895
0.0529071
0.0302185
0.137926
0.0853918
0.11797
0.129645
0.123513
0.180192
0.154834
0.0531511
0.140639
0.0204356
0.00733835
0.0102515
0.098364
0.0742032
0.063646
0.150509
0.0043766
0.0412072
0.0507624
0.204089
0.0113543
0.0364513
0.0498559
0.179677
0.0383501
0.154137
0.0544851
0.0684022
0.0521069
0.0796888
0.0544343
0.04692
0.026821
0.0559801
0.211505
0.11651
0.0548772
0.0379486
0.142846
0.0264314
0.156949
0.1734
0.0552178
0.148608
0.0333191
0.142316
0.123833
0.0309229
0.100779
0.126968
0.0935296
0.180686
0.110012
0.0163623
0.140615
0.022911
0.141213
0.0364893
0.118164
0.0149301
0.0951716
0.0157252
0.12095
0.0677837
0.0556637
0.207344
0.195506
0.14067
0.0597742
0.0463057
0.16158
0.172454
0.0407613
0.00897942
0.0733229
0.0858569
0.157518
0.0868158
0.0230297
0.137988
0.16023
0.0362218
0.111577
0.0478745
0.0294592
0.11465
0.113787
0.0168045
0.00141626
0.0675355
0.0845756
0.146547
0.115325
0.0505558
0.222025
0.0607499
0.0602167
0.0435156
0.177626
0.081856
0.00958192
0.119505
0.0304799
0.0308915
0.0731457
0.0995266
0.061728
0.0649063
0.0439948
0.00183405
0.0536035
0.0330889
0.0345082
0.04883
0.0856898
0.100004
0.164656
0.0675416
0.0385669
0.0434595
0.0141853
0.0320126
0.142171
0.0868164
0.167552
0.0793813
0.176643
0.0796085
0.0110869
0.0299104
0.0331467
0.00293993
0.116536
0.0853053
0.0793903
0.0526272
0.0633901
0.175716
0.180834
0.101325
0.0361489
0.0926964
0.0899118
0.0382956
0.0616817
0.0972936
0.0541218
0.0384381
0.184468
0.0883172
0.0707781
0.141799
0.0922524
0.00876989
0.0226787
0.158675
0.0662187
0.146114
0.0857712
0.0278162
0.092964
0.0580707
0.0430367
0.00206816
0.0745852
0.109616
0.0323806
0.0994579
0.0029034
0.0328024
0.0526849
0.0457847
0.0694417
0.0116902
0.0900516
0.0251752
0.10248
0.106922
0.0664117
0.0328037
0.120008
0.0925043
0.138565
0.0982146
0.163511
0.102645
0.0674024
0.0293565
0.0601002
0.0165306
0.145527
0.10591
0.0331889
0.0877466
0.0160606
0.0617557
0.184306
0.102239
0.0132556
0.144585
0.0746733
0.11554
0.0658902
0.028289
0.048627
0.0730604
0.0653477
0.111009
0.0594051
0.00626862
0.0252185
0.0615423
0.156044
0.104491
0.022168
0.109459
0.0229825
0.131317
0.165989
0.0543966
0.00835531
0.0523408
0.0334556
0.0540578
0.102483
0.175402
0.0208872
0.0757909
0.0600603
0.0544639
0.185535
0.0428584
0.0494953
0.112215
0.0207413
0.110739
0.187847
0.074462
0.115522
0.0655008
0.0850013
0.0500554
0.164326
0.040822
0.127943
0.0777473
0.18372
0.0382091
0.0148791
0.0468689
0.17018
0.0435554
0.0150146
0.0787229
0.039588
0.166684
0.0279786
0.168362
0.130836
0.0446588
0.0388383
0.104889
0.0553325
0.127028
0.132641
0.0253229
0.137605
0.0452826
0.0376745
0.0328643
0.149615
0.180991
0.182282
0.049149
0.126387
0.128273
0.0749198
0.0338313
0.128829
0.072294
0.0670005
0.0221042
0.0336522
0.016183
0.141424
0.103296
0.104317
0.11525
0.0213707
0.0890459
0.076229
0.145268
0.129522
0.0669006
0.0494966
0.203519
0.0328414
0.123816
0.178183
0.0793993
0.132999
0.157007
0.0533463
0.146475
0.0267849
0.0460921
0.0720321
0.119567
0.216851
0.0780183
0.0454377
0.0842965
0.187985
0.0829413
0.0814964
0.0503146
0.0497728
0.123455
0.0776581
0.061367
0.125751
0.0375733
0.149811
0.162331
0.036639
0.0381476
0.00353423
0.0276021
0.111399
0.00718142
0.0444359
0.0251979
0.0190248
0.11979
0.0645697
0.18034
0.0765779
0.0258337
0.0815886
0.0331669
0.0206662
0.0217138
0.0303319
0.0227483
0.15578
0.0238697
0.037673
0.0607241
0.0464848
0.19054
0.147747
0.200479
0.105307
0.0992019
0.0070368
0.18777
0.165786
0.150095
0.166416
0.0510573
0.107367
0.133723
0.14157
0.043156
0.00270199
0.0780977
0.0239464
0.0422809
0.0687506
0.154846
0.0779738
0.0619489
0.125065
0.0274308
0.125937
0.148492
0.0906412
0.0238118
0.0867475
0.144976
0.0967175
0.163137
0.044767
0.0339767
0.0222164
0.0452918
0.0498289
0.118444
0.04248
0.0624597
0.0683106
0.063268
0.0304904
0.048792
0.019028
0.0658201
0.0375008
0.0989191
0.0383845
0.0190803
0.113292
0.0718175
0.0351797
0.097453
0.0509253
0.0762877
0.0604895
0.0220005
0.0416234
0.136515
0.167978
0.0142161
0.194346
0.0757806
0.0792257
0.172998
0.0233731
0.0375592
0.137122
0.0826913
0.0341558
0.0691469
0.0916717
0.0664423
0.0408515
0.0957482
0.166476
0.0338294
0.0588001
0.0574705
0.11057
0.0116354
0.00701626
0.0415694
0.038934
0.0285214
0.135047
0.112602
0.0343367
0.0574515
0.0597078
0.00283412
0.0394337
0.0669672
0.0311594
0.169939
0.0387697
0.0474674
0.110817
0.0588098
0.0361267
0.0916907
0.0454006
0.007371
0.039474
0.12371
0.127391
0.166127
0.0490714
0.114432
0.0531367
0.0615519
0.164178
0.111676
0.00903269
0.0179958
0.0107879
0.0841009
0.025437
0.0571873
0.019104
0.123674
0.0267522
0.0588644
0.0848604
0.172434
0.0317778
0.124481
0.178099
0.0853807
0.148224
0.0801769
0.0347738
0.114131
0.0803484
0.107584
0.00288056
0.0635626
0.0127854
0.0601306
0.0460434
0.0268005
0.131675
0.109776
0.177607
0.0659647
0.0677987
0.0313658
0.121225
0.0832917
0.0263981
0.0198792
0.0956333
0.00359399
0.180216
0.0448079
0.0596612
0.125402
0.15601
0.0328128
0.131367
0.138111
0.0839084
0.0183924
0.111793
0.033761
0.0611127
0.072627
0.0560514
0.0371553
0.0367464
0.120864
0.0848843
0.117638
0.056735
0.080932
0.125149
0.0527331
0.0481705
0.053574
0.0634314
0.0552118
0.160847
0.0194714
0.128782
0.0664895
0.0891225
0.145606
0.183896
0.118661
0.189709
0.0272776
0.044994
0.176789
0.100847
0.0103031
0.025618
0.0211322
0.162334
0.15425
0.127168
0.163441
0.0243593
0.0390078
0.0163079
0.073048
0.103645
0.0319885
0.00927087
0.0857076
0.0569613
0.0927216
0.130307
0.192545
0.00854458
0.00850879
0.0351964
0.0756729
0.0774587
0.0339814
0.0756233
0.0229909
0.059628
0.073903
0.131156
0.0199182
0.0333942
0.182051
0.0656328
0.119748
0.0548588
0.0405608
0.00970618
0.0298983
0.0956951
0.0774882
0.0707368
0.0112563
0.132387
0.105514
0.0269723
0.133238
0.0943955
0.0226779
0.129271
0.0158408
0.0856428
0.0643587
0.0130024
0.0495385
0.0159362
0.0497167
0.0829426
0.112613
0.133354
0.0219891
0.120385
0.00996868
0.192017
0.120092
0.0565605
0.0197637
0.045114
0.0629542
0.0329176
0.131884
0.0468149
0.169681
0.0509764
0.0379986
0.184574
0.0428269
0.160078
0.0886818
0.0388209
0.0448818
0.0448909
0.169525
0.111093
0.0612025
0.0700402
0.0120895
0.203
0.0770009
0.0595139
0.0113649
0.0283818
0.125412
0.0175112
0.120281
0.0705437
0.0241739
0.0098931
0.154518
0.139393
0.0526692
0.163844
0.0981118
0.0109566
0.195696
0.109644
0.0408701
0.142593
0.0389785
0.144739
0.0268888
0.154417
0.0578184
0.101898
0.0974937
0.0886557
0.0654846
0.127909
0.00587537
0.035428
0.0233171
0.121583
0.139359
0.118041
0.113267
0.0394682
0.0980205
0.0194677
0.0349929
0.0563476
0.0642317
0.0686433
0.0607997
0.0288863
0.0485915
0.191146
0.00691077
0.114878
0.0272382
0.148888
0.0792632
0.023175
0.146542
0.0758636
0.0639003
0.0226945
0.0826732
0.0624435
0.0398944
0.0921134
0.0644349
0.10875
0.109263
0.19594
0.058499
0.163453
0.0401286
0.0189298
0.153921
0.10324
0.0545118
0.149261
0.0299255
0.0191291
0.0785094
0.113772
0.0184832
0.0225622
0.168869
0.200121
0.107644
0.140015
0.189918
0.0516765
0.135546
0.0682496
0.0560297
0.00126619
0.0295275
0.0147256
0.0840869
0.0231528
0.192229
0.102797
0.0690064
0.114257
0.0391584
0.069829
0.0629027
0.100085
0.174094
0.0680975
0.0836177
0.131462
0.0383782
0.00852806
0.039978
0.0427647
0.118451
0.166433
0.0206076
0.180905
0.11087
0.0328509
0.0579648
0.010885
0.0158529
0.057163
0.0755554
0.0436571
0.0749794
0.167007
0.0854918
0.151013
0.022338
0.0595927
0.12098
0.0999337
0.0331529
0.108097
0.107799
0.110461
0.043006
0.0304259
0.122715
0.0697155
0.107234
0.0132708
0.074826
0.209463
0.00237826
0.127182
0.051492
0.0685941
0.00507038
0.0712549
0.041004
0.0650626
0.099666
0.0597317
0.145342
0.0820263
0.0794903
0.0597608
0.0815529
0.108275
0.0657277
0.0830231
0.083368
0.0904209
0.106265
0.0166942
0.0261602
0.097798
0.199948
0.0716679
0.118679
0.0962406
0.0909864
0.0926479
0.12689
0.162411
0.0454441
0.0145685
0.130713
0.120134
0.155288
0.183271
0.119927
0.194985
0.0558792
0.0588175
0.0574436
0.125606
0.0289176
0.0384821
0.115512
0.0843807
0.024132
0.188941
0.124341
0.0556307
0.0340083
0.130286
0.187942
0.0342146
0.128016
0.053265
0.0176834
0.0224254
0.0839581
0.0374371
0.0340601
0.102588
0.0458661
0.0307232
0.0886312
0.104006
0.0715219
0.00432625
0.106539
0.0422931
0.10811
0.173617
0.173316
0.197803
0.0672802
0.0668725
0.107584
0.0684363
0.0507365
0.105457
0.208091
0.201372
0.16143
0.108723
0.069588
0.0656854
0.0141353
0.0774702
0.0743523
0.119247
0.128242
0.0410911
0.027223
0.0406535
0.111551
0.0677863
0.0312204
0.0569989
0.0909834
0.0864263
0.197182
0.0322024
0.099469
0.0567581
0.0641746
0.0632251
0.0745066
0.109681
0.105046
0.110956
0.100167
0.132284
0.0274551
0.0674059
0.14472
0.0399831
0.121562
0.0891784
0.0490227
0.00183626
0.0733161
0.148669
0.0503636
0.0790771
0.0680874
0.0706054
0.0751741
0.0791373
0.0307791
0.046868
0.00811988
0.10265
0.0469367
0.0117577
0.0479058
0.130459
0.195026
0.0131498
0.00757898
0.113021
0.0302983
0.0249777
0.0919283
0.0900934
0.0657888
0.145596
0.0600579
0.126074
0.18484
0.0929594
0.192124
0.0756763
0.0737404
0.0449216
0.107421
0.127844
0.0921978
0.0701125
0.0319451
0.0621992
0.0189613
0.033346
0.0123101
0.0401506
0.0805397
0.0390733
0.00645934
0.0870259
0.0768323
0.0548464
0.122007
0.0189769
0.0989571
0.0334538
0.0852429
0.129704
0.0561786
0.0805046
0.00966892
0.076787
0.0797697
0.0716315
0.0693891
0.0954641
0.0073977
0.0385731
0.0585146
0.0388893
0.12041
0.0189143
0.0901508
0.0777817
0.18221
0.0731739
0.076899
0.120692
0.00233438
0.164542
0.0535107
0.010372
0.0850837
0.0981996
0.0570243
0.0298241
0.142409
0.0333465
0.178957
0.0979592
0.0641262
0.163161
0.0369565
0.122461
0.0249319
0.135928
0.0743432
0.0448639
0.130071
0.00258771
0.0462116
0.0533583
0.0393672
0.0134556
0.0780172
0.0623157
0.081292
0.0460514
0.128275
0.0600402
0.138561
0.0143805
0.0403114
0.025372
0.128987
0.0565797
0.139985
0.062669
0.0111858
0.179001
0.0672989
0.211425
0.0989202
0.198073
0.0400942
0.0560949
0.0258526
0.0363487
0.0795514
0.168151
0.136409
0.131897
0.0671989
0.0501482
0.00317322
0.0716355
0.047003
0.0408575
0.0979544
0.0140531
0.111268
0.0172698
0.016875
0.212701
0.0807649
0.0796137
0.0767808
0.0275577
0.107835
0.0720423
0.0444673
0.0656555
0.0558651
0.0529595
0.102758
0.018854
0.0344509
0.0908937
0.0558229
0.170443
0.0676494
0.0200296
0.103725
0.0692496
0.118411
0.0354011
0.012665
0.105239
0.0596303
0.154366
0.0515907
0.0259476
0.0454142
0.1152
0.0605341
0.131627
0.0553918
0.132811
0.0862189
0.0447864
0.15813
0.0197497
0.0207711
0.00377661
0.114666
0.0140937
0.0895329
0.024061
0.0675761
0.0994546
0.0225413
0.0310241
0.0121443
0.0199401
0.215813
0.145155
0.0494092
0.0358093
0.0370563
0.144081
0.132193
0.0479774
0.0899879
0.0735353
0.0539691
0.0505852
0.144058
0.1618
0.00887987
0.0728666
0.0783338
0.154257
0.019331
0.0622072
0.0301233
0.0905241
0.18396
0.137786
0.0929581
0.0741447
0.00283415
0.0353097
0.0363998
0.0725193
0.0895886
0.169423
0.0420162
0.038495
0.0524054
0.199113
0.123868
0.130324
0.121006
0.0133044
0.0204554
0.0206521
0.0255638
0.0223427
0.0745829
0.0799166
0.017295
0.182401
0.0430085
0.150362
0.00879807
0.0581751
0.0384298
0.108143
0.0382516
0.0942576
0.139938
0.175506
0.0972408
0.0634419
0.0852018
0.0575464
0.0918376
0.131417
0.113732
0.0764857
0.00284077
0.0243449
0.123642
0.017397
0.215744
0.166396
0.140441
0.0736755
0.0129286
0.192997
0.0834734
0.0399235
0.0247776
0.0361771
0.0267245
0.0675637
0.0900747
0.0481371
0.0652182
0.0105678
0.0943716
0.0518198
0.0875814
0.0994695
0.101117
0.104787
0.00236583
0.0528784
0.0698273
0.0492903
0.0168085
0.0467285
0.110066
0.0870506
0.0516107
0.04903
0.0562158
0.104901
0.0494724
0.00153547
0.123766
0.0202056
0.00903875
0.0674276
0.0975432
0.109511
0.0700797
0.174259
0.0467619
0.0705688
0.215481
0.0432867
0.200639
0.024785
0.0352083
0.0214234
0.044797
0.0490656
0.0950563
0.178896
0.0237264
0.085464
0.0677034
0.122339
0.119881
0.0307539
0.0572588
0.0682117
0.182538
0.113504
0.0658574
0.0712703
0.0395151
0.0296563
0.0327643
0.154149
0.161762
0.0641767
0.0889296
0.132687
0.0335757
0.027887
0.0486815
0.0664197
0.0887417
0.130642
0.0539774
0.048976
0.061134
0.0978185
0.1704
0.0411664
0.027966
0.0765362
0.144268
0.13561
0.0429835
0.142421
0.0585389
0.105382
0.0419598
0.1385
0.0429168
0.106119
0.0409262
0.0602722
0.0634867
0.0171958
0.0973563
0.0156173
0.0300674
0.0453109
0.112602
0.0947114
0.0680836
0.177052
0.0426705
0.068016
0.17808
0.204128
0.0478319
0.0659264
0.052314
0.159762
0.0539257
0.0133847
0.119272
0.0929719
0.140428
0.0359156
0.0487992
0.0614544
0.131813
0.181008
0.0759086
0.079425
0.0850112
0.0798716
0.00823582
0.00664695
0.181521
0.109666
0.137385
0.160883
0.0721571
0.140982
0.0598896
0.0492044
0.187008
0.14978
0.0612689
0.0936876
0.0511396
0.0324409
0.133404
0.0922854
0.0667843
0.053903
0.0734099
0.0440717
0.0767955
0.0706537
0.0165166
0.076747
0.0179347
0.0529376
0.0628456
0.0618055
0.0346852
0.000853567
0.0969679
0.0287439
0.076158
0.0550706
0.0720227
0.0158304
0.0479165
0.117145
0.158403
0.0646139
0.0904613
0.0309552
0.0307638
0.151187
0.132049
0.0868548
0.0827841
0.0568679
0.0476494
0.136726
0.10078
0.0329317
0.0951623
0.0584586
0.026239
0.0419461
0.190427
0.0659908
0.224043
0.115423
0.0022011
0.156451
0.165372
0.107651
0.0552649
0.118742
0.126466
0.0577509
0.0302486
0.0466679
0.0652568
0.108075
0.0466075
0.0512295
0.185991
0.0779762
0.103894
0.100294
0.0547536
0.115007
0.0993642
0.0651447
0.135794
0.0963859
0.127172
0.179984
0.0551475
0.0087481
0.0620912
0.0283404
0.0733798
0.1372
0.0174401
0.0644327
0.0511001
0.0405182
0.218275
0.0262693
0.0737489
0.0630674
0.0433474
0.0522513
0.176596
0.116825
0.0159724
0.0219478
0.116897
0.0458803
0.0146895
0.0873972
0.148041
0.092181
0.0156152
0.104202
0.0468497
0.0675475
0.103242
0.100002
0.076445
0.00123983
0.02368
0.0846216
0.0482458
0.0748593
0.191177
0.0765194
0.0612835
0.0755149
0.131515
0.0497798
0.0857751
0.0967303
0.0264621
0.143616
0.0734439
0.0257865
0.089924
0.0587563
0.112476
0.0884914
0.0430948
0.0376292
0.0373085
0.107877
0.0391293
0.071198
0.0311011
0.167545
0.105763
0.0959938
0.0227794
0.0279946
0.122018
0.124727
0.0501444
0.088682
0.0642094
0.0699416
0.0408624
0.0507559
0.132384
0.0742214
0.148537
0.0955779
0.0526714
0.193215
0.00139211
0.0167535
0.0319703
0.189545
0.0888367
0.0226636
0.0403749
0.0326082
0.0743924
0.165714
0.101184
0.0812617
0.0271228
0.00955822
0.132348
0.0675549
0.0199887
0.0879577
0.0935648
0.100013
0.116052
0.0793687
0.0501794
0.0112288
0.154274
0.0401604
0.135471
0.169655
0.0803665
0.0634828
0.168304
0.123659
0.0530775
0.166798
0.142849
0.0116736
0.214344
0.00666029
0.0739191
0.0540722
0.151779
0.193755
0.112661
0.110147
0.0694049
0.139801
0.094648
0.0887054
0.123104
0.101499
0.0501245
0.00768515
0.0713217
0.0723456
0.0313394
0.0490455
0.0330083
0.080283
0.189911
0.0291858
0.0337504
0.0905531
0.0742949
0.0289042
0.0160697
0.0877408
0.00149879
0.118323
0.0192459
0.0278298
0.0232305
0.0988176
0.125012
0.0442191
0.00212597
0.0868533
0.0501883
0.0506169
0.0158537
0.0837721
0.0168502
0.0237674
0.0113946
0.0601611
0.0438419
0.0676472
0.0173544
0.0316894
0.15124
0.159432
0.130667
0.182649
0.190001
0.0181657
0.110503
0.0180074
0.18863
0.0254368
0.0325673
0.0622878
0.0343126
0.0766431
0.052781
0.0511642
0.110257
0.0336867
0.0839108
0.0354504
0.0396664
0.0835137
0.162456
0.0531579
0.209371
0.0275893
0.0371799
0.0732584
0.048205
0.0195879
0.0696033
0.127397
0.0412503
0.119021
0.0379335
0.0249545
0.0920266
0.0762737
0.0978292
0.1049
0.0461286
0.0992505
0.0740529
0.0129172
0.0597948
0.0514071
0.170915
0.0681091
0.0573947
0.169313
0.0634792
0.17805
0.0172673
0.0918377
0.133612
0.0163471
0.0194033
0.15821
0.108099
0.110323
0.0678537
0.148396
0.121567
0.0299373
0.014792
0.0767653
0.0751904
0.0114515
0.179039
0.00923384
0.0353442
0.00349222
0.0324308
0.0468014
0.107493
0.0436012
0.0618222
0.14719
0.155009
0.187752
0.166932
0.00824276
0.0291957
0.068569
0.190965
0.0292146
0.0344355
0.0704198
0.0491536
0.195812
0.0111683
0.177207
0.0963917
0.0501991
0.0921216
0.17863
0.115334
0.0854906
0.0516919
0.137019
0.0639607
0.0170237
0.0050352
0.0835383
0.0492871
0.0776593
0.0898737
0.131233
0.032348
0.0879445
0.0262676
0.0447727
0.141859
0.0503083
0.0420198
0.0393655
0.0421937
0.00576821
0.088116
0.0879311
0.0418726
0.0242194
0.0752159
0.0350128
0.113558
0.0214768
0.0322658
0.0582918
0.0128594
0.0632523
0.0474457
0.195049
0.00362881
0.0657358
0.0578557
0.0317032
0.0886518
0.0552481
0.172048
0.06939
0.0247608
0.0068219
0.0465575
0.00816601
0.0687801
0.0537307
0.16692
0.0585138
0.159061
0.109278
0.0367133
0.201719
0.0371128
0.069831
0.0196432
0.147565
0.0869595
0.0904202
0.0918478
0.185076
0.0646024
0.0637589
0.0886533
0.142635
0.0205765
0.154705
0.0153897
0.154819
0.0603226
0.00364428
0.175536
0.038064
0.0876607
0.0772604
0.00525295
0.0888769
0.0878105
0.125588
0.0849862
0.0620715
0.0233187
0.0199737
0.00537873
0.017775
0.06317
0.0262163
0.0184891
0.0172135
0.0343784
0.037768
0.0317864
0.0135705
0.142026
0.0111639
0.0131657
0.0700979
0.0162749
0.00968044
0.0117342
0.110955
0.159657
0.0775516
0.122997
0.0890577
0.058332
0.0162631
0.0170659
0.0300342
0.03583
0.164303
0.112165
0.174483
0.112244
0.151145
0.0629629
0.0329519
0.0698634
0.100112
0.0100974
0.202315
0.0142604
0.0847387
0.114608
0.0747111
0.0533862
0.0231484
0.0546375
0.0239932
0.0302749
0.0149049
0.149502
0.0398555
0.0551854
0.0184017
0.0953936
0.084353
0.0939123
0.0892052
0.0238019
0.00613221
0.0803066
0.159468
0.0623306
0.0930706
0.0066383
0.133263
0.0938773
0.0532452
0.114228
0.0849615
0.0198396
0.206912
0.0750113
0.126364
0.108926
0.0843358
0.0787496
0.0729587
0.0396962
0.0713296
0.0350999
0.068986
0.0411437
0.0538428
0.177857
0.0345808
0.0162486
0.0439622
0.0558021
0.0292873
0.105088
0.20114
0.02862
0.190472
0.127991
0.0482814
0.009353
0.0193275
0.0691504
0.198376
0.121233
0.0138392
0.0747332
0.0601248
0.105533
0.0903699
0.0432851
0.0182967
0.0561275
0.114602
0.0169682
0.0357083
0.0116389
0.148792
0.0126774
0.0215748
0.0481337
0.095158
0.103194
0.0981045
0.1633
0.0751319
0.0276501
0.0549839
0.128888
0.0294042
0.0327696
0.0377533
0.0522886
0.139152
0.0651859
0.0752756
0.186375
0.0405661
0.0479167
0.0518464
0.0898504
0.0121177
0.10747
0.0867544
0.0403521
0.0898816
0.226462
0.113101
0.0226683
0.0599558
0.0906632
0.00404287
0.181615
0.0364957
0.0309289
0.0708693
0.130135
0.090094
0.131697
0.032404
0.052567
0.101807
0.129467
0.0568589
0.0207363
0.0466253
0.0999256
0.0119442
0.100161
0.0406809
0.0995083
0.0605046
0.0695292
0.0496334
0.0298698
0.0987115
0.0725701
0.113364
0.0219217
0.190622
0.0131657
0.0494407
0.0125455
0.148224
0.140084
0.055687
0.0629108
0.0256107
0.087161
0.0403325
0.0382693
0.00966734
0.185799
0.0545083
0.0279899
0.110892
0.10396
0.0814205
0.0110548
0.0468597
0.0760196
0.0246579
0.0576214
0.0395078
0.0308089
0.0895801
0.0761778
0.170391
0.0368307
0.0191354
0.134637
0.0412029
0.038866
0.0527505
0.0176559
0.121036
0.0759858
0.0800003
0.127897
0.127057
0.057109
0.0455308
0.173906
0.125367
0.0860089
0.0795107
0.0634575
0.108966
0.157516
0.128655
0.0939326
0.100141
0.189229
0.07415
0.0858468
0.0974201
0.0527465
0.0743234
0.102645
0.0758721
0.0775651
0.0144456
0.112527
0.12723
0.138171
0.0754936
0.0436836
0.0924488
0.107253
0.0979086
0.0890415
0.0968879
0.0153492
0.10993
0.175566
0.204372
0.00655426
0.0782974
0.0514265
0.0659119
0.142658
0.0914515
0.0890975
0.0670047
0.085516
0.146432
0.0403162
0.107819
0.0502442
0.0112097
0.068514
0.0988255
0.0127879
0.137419
0.0235214
0.0645226
0.0446831
0.0703363
0.0113927
0.098405
0.068642
0.0784969
0.0237537
0.0410928
0.132499
0.0148056
0.137358
0.0757155
0.0531889
0.0673173
0.208093
0.175293
0.0776988
0.0385587
0.0141515
0.023556
0.13451
0.106944
0.215697
0.0155017
0.050842
0.0731771
0.0421413
0.0254694
0.0807508
0.0431232
0.0998752
0.173853
0.0640233
0.0389559
0.0779493
0.101996
0.090053
0.12098
0.0123816
0.094218
0.143175
0.0829708
0.14224
0.0976302
0.0177478
0.068317
0.0605146
0.0691306
0.0996084
0.0159444
0.220838
0.0945076
0.0483585
0.184086
0.0809215
0.0401538
0.0489453
0.0352043
0.134982
0.0404216
0.207815
0.0157734
0.048112
0.0860767
0.0323551
0.0679978
0.0769319
0.168579
0.0211442
0.169791
0.0358574
0.0871673
0.116528
0.0169571
0.147574
0.0156803
0.0624214
0.0365883
0.0933328
0.16886
0.012162
0.0576506
0.080723
0.0427073
0.00888275
0.0159259
0.112015
0.209364
0.0795756
0.146839
0.00769808
0.0626385
0.172072
0.1142
0.112998
0.0677231
0.0362979
0.179569
0.160282
0.0605525
0.116237
0.00918332
0.110759
0.0567904
0.0112318
0.0253576
0.0539327
0.133848
0.0267456
0.101233
0.0918332
0.107984
0.0558525
0.0394686
0.0100218
0.0667149
0.15768
0.0892622
0.019226
0.0413765
0.00513176
0.185052
0.0321331
0.0623985
0.0898573
0.0311495
0.0220763
0.0377911
0.0391116
0.0297219
0.155142
0.0530745
0.0543748
0.0447268
0.0367806
0.00446689
0.0722053
0.179743
0.0735217
0.205031
0.0844557
0.0129816
0.107527
0.0949906
0.140595
0.064613
0.017635
0.11424
0.0543942
0.107234
