0.0469568
0.0317268
0.110715
0.107367
0.139241
0.0333061
0.0466401
0.0672591
0.131299
0.0308574
0.0445255
0.165359
0.0291227
0.142519
0.12005
0.0286884
0.175021
0.0946364
0.17973
0.0704142
0.0600905
0.0699846
0.0132398
0.0381265
0.0686035
0.0665638
0.0430452
0.0406451
0.0152377
0.214012
0.127899
0.115926
0.0464685
0.167249
0.0502577
0.0249302
0.0485359
0.151145
0.156042
0.0263406
0.0647912
0.171452
0.0416233
0.0249679
0.0456773
0.0754851
0.0455785
0.0798645
0.0834456
0.0438865
0.120677
0.0340938
0.0855486
0.0105317
0.00751718
0.151233
0.0231048
0.133996
0.0524763
0.0256456
0.0440858
0.135986
0.152541
0.0471273
0.045747
0.0744284
0.0210528
0.0457615
0.0573192
0.00714794
0.111763
0.0446203
0.0848978
0.150923
0.00876323
0.00927538
0.180273
0.0196012
0.04823
0.144081
0.0502462
0.0403803
0.0379898
0.115409
0.089175
0.0346845
0.0354974
0.14338
0.0329762
0.000571995
0.0315711
0.0892941
0.0324169
0.138137
0.0683711
0.119642
0.169762
0.0295719
0.0254514
0.129462
0.0684964
0.0361748
0.0623424
0.0246361
0.165129
0.127327
0.025741
0.0307855
0.1014
0.0683772
0.0484037
0.0673523
0.0198197
0.0450375
0.0699525
0.104818
0.0618003
0.167933
0.0652144
0.166928
0.00891127
0.018302
0.0764303
0.124639
0.158051
0.165875
0.049869
0.0116073
0.0914138
0.190835
0.0667646
0.0464991
0.131523
0.115113
0.117995
0.102859
0.0593907
0.0539168
0.0149063
0.02662
0.0679411
0.0166771
0.135675
0.0913243
0.0714424
0.090364
0.114955
0.10908
0.0729668
0.0339148
0.0486147
0.190395
0.0918958
0.08278
0.058409
0.0990557
0.052366
0.0292773
0.0465663
0.0723625
0.0613387
0.0565625
0.0572197
0.160766
0.147926
0.00938896
0.0441554
0.130115
0.0399927
0.13511
0.206351
0.144588
0.0654455
0.042375
0.016056
0.108563
0.0226994
0.140263
0.00943433
0.0556898
0.0185179
0.0901489
0.0615023
0.0401041
0.0728166
0.10925
0.114394
0.0337668
0.0780494
0.0279681
0.175665
0.18292
0.0441568
0.159534
0.0391122
0.126498
0.111508
0.0781319
0.028966
0.0697978
0.0740854
0.0980631
0.016387
0.066403
0.107234
0.0657363
0.0536486
0.146816
0.107061
0.0443506
0.0374487
0.0634346
0.170823
0.105619
0.151477
0.161036
0.115375
0.070033
0.177649
0.146561
0.0153739
0.0938727
0.11582
0.0980795
0.0484702
0.014595
0.127517
0.0726326
0.0600324
0.0140581
0.0507149
0.116452
0.124302
0.0894761
0.0514182
0.0312081
0.201017
0.0219442
0.0401009
0.097567
0.1426
0.0545279
0.17317
0.115726
0.014228
0.0779542
0.107016
0.0876835
0.0495954
0.0355093
0.0254965
0.033924
0.0492268
0.118017
0.0695178
0.056855
0.0172826
0.0375263
0.0574368
0.226462
0.148578
0.113239
0.155442
0.0295367
0.0471734
0.0213669
0.071693
0.185523
0.0458914
0.099036
0.080091
0.00312511
0.113297
0.0495233
0.0798973
0.0603819
0.0782351
0.0156499
0.0109112
0.0585989
0.063874
0.124947
0.139497
0.17428
0.185255
0.00310488
0.132906
0.0122967
0.0382026
0.145643
0.105383
0.0459687
0.0712352
0.0311734
0.0898827
0.0665559
0.145636
0.11874
0.179183
0.0300765
0.0962337
0.0161408
0.0888779
0.0515186
0.137452
0.150164
0.0461783
0.0135837
0.065064
0.0664482
0.0566057
0.128731
0.15981
0.104985
0.215973
0.0454804
0.0245492
0.0755001
0.123658
0.135932
0.108517
0.073432
0.101888
0.0667378
0.0450084
0.0411776
0.123082
0.055903
0.0265477
0.0366646
0.0919929
0.0576185
0.0443064
0.111097
0.0992469
0.0537413
0.00370377
0.111793
0.129611
0.183967
0.0786467
0.0760358
0.0630117
0.0609734
0.120713
0.0307002
0.0474718
0.0967481
0.10468
0.0374699
0.15057
0.0648395
0.0532139
0.00884928
0.149951
0.199799
0.122591
0.0648421
0.108107
0.141592
0.173813
0.0579171
0.0273612
0.00357036
0.0976969
0.168156
0.0485372
0.215281
0.0162038
0.0926507
0.120548
0.0490378
0.0162411
0.100584
0.0742113
0.0913722
0.0542073
0.0275984
0.159179
0.154081
0.146049
0.0226818
0.162426
0.00349403
0.0922711
0.107088
0.141751
0.0649322
0.162597
0.0388134
0.0452042
0.0385478
0.0682582
0.121912
0.0438772
0.097137
0.126541
0.0146228
0.0130282
0.103193
0.114888
0.0417826
0.0827427
0.0936947
0.0931985
0.0984433
0.132636
0.0660592
0.151757
0.0574076
0.146129
0.193198
0.0207556
0.164349
0.0332882
0.183618
0.0834729
0.174212
0.0213143
0.0688163
0.0796446
0.0759536
0.099849
0.0186394
0.0167902
0.0227636
0.0671386
0.0591724
0.0232593
0.0884598
0.146223
0.0603871
0.0468596
0.0307799
0.0295914
0.0849342
0.100388
0.11406
0.0117155
0.108988
0.0063241
0.139147
0.138171
0.167023
0.0298374
0.151278
0.0446508
0.0134329
0.125385
0.167839
0.101539
0.0629144
0.211162
0.0611695
0.0597308
0.122777
0.0206817
0.196749
0.0114204
0.0574763
0.00700534
0.0150776
0.0391637
0.0791805
0.104591
0.0163547
0.0666936
0.0249179
0.00372689
0.0161596
0.0547666
0.110113
0.0904885
0.0383259
0.068599
0.102349
0.125938
0.0238782
0.0505704
0.0646552
0.102578
0.0733053
0.0245354
0.0389398
0.0308792
0.0142333
0.0245705
0.113213
0.00889409
0.0544003
0.0773467
0.0308539
0.105709
0.0680175
0.123968
0.025536
0.057089
0.149309
0.0237269
0.108454
0.0488602
0.075353
0.0718647
0.180432
0.121784
0.141311
0.067587
0.190266
0.114578
0.0191374
0.10177
0.0885573
0.0597951
0.0283664
0.0086286
0.0618004
0.0688441
0.0385569
0.0998132
0.127613
0.161161
0.00647129
0.148737
0.0239459
0.0236436
0.110328
0.145152
0.0405906
0.171704
0.0732664
0.0169539
0.0270324
0.0723161
0.0265335
0.097864
0.0103235
0.00941661
0.0415086
0.0102984
0.00720261
0.0599134
0.0380815
0.0608544
0.0493988
0.0178214
0.0763316
0.0784766
0.0545374
0.0957355
0.167458
0.0470241
0.0983651
0.0998204
0.0526039
0.122764
0.0261214
0.117968
0.144968
0.0518193
0.146151
0.0530973
0.00618694
0.0112759
0.0531209
0.102288
0.066214
0.0236783
0.136081
0.0893009
0.0328791
0.215354
0.0157292
0.176805
0.114272
0.015493
0.0834885
0.148188
0.0154844
0.0991105
0.0950776
0.162314
0.0540377
0.0399819
0.0373276
0.119696
0.162616
0.0525298
0.172691
0.0708465
0.0389144
0.124131
0.0312491
0.0575132
0.121508
0.158495
0.164581
0.0277272
0.108143
0.112773
0.0394458
0.159082
0.132735
0.0258103
0.0429749
0.0171498
0.144186
0.008047
0.138351
0.100065
0.0151791
0.0176262
0.0788394
0.00479172
0.0152336
0.179274
0.0104328
0.0254852
0.151075
0.0576875
0.116916
0.0644873
0.0687241
0.0746978
0.20152
0.0231937
0.204937
0.0611718
0.0401498
0.128681
0.0915335
0.123428
0.0688401
0.0951956
0.0404513
0.16927
0.134961
0.133091
0.110342
0.0360381
0.0364269
0.00985678
0.0345419
0.0747929
0.108604
0.0932953
0.0642244
0.0335303
0.0568437
0.176178
0.00834985
0.0708689
0.1617
0.0724376
0.0887266
0.0936143
0.16256
0.109683
0.0348617
0.0324338
0.0461711
0.156887
0.0277342
0.0656034
0.0525452
0.0155505
0.105349
0.0827466
0.0820127
0.0654419
0.106866
0.106895
0.0680652
0.0323407
0.0017139
0.0232682
0.065617
0.1691
0.00461831
0.0720061
0.0654261
0.0919457
0.141112
0.0911914
0.0104204
0.0975848
0.0880477
0.0552927
0.166548
0.173338
0.0559703
0.111639
0.129544
0.132579
0.083042
0.0945235
0.0750329
0.125679
0.148126
0.108333
0.115808
0.0997469
0.123524
0.194579
0.144776
0.136383
0.0718462
0.0905154
0.185677
0.070137
0.17369
0.0920907
0.00817694
0.0377285
0.0753368
0.137967
0.0463267
0.0853781
0.0486144
0.177145
0.0813069
0.0270757
0.185689
0.142965
0.0216801
0.0871002
0.0284567
0.051476
0.0654752
0.0370561
0.170105
0.0225255
0.0135967
0.0759563
0.0477189
0.098177
0.0780071
0.0550122
0.13234
0.0275518
0.0235917
0.0340037
0.0708561
0.0861983
0.0946729
0.154696
0.0912068
0.0791369
0.100418
0.0660001
0.189768
0.0555899
0.116758
0.0632041
0.107663
0.0765901
0.065083
0.0203244
0.0247952
0.0528402
0.0836079
0.0202968
0.0525567
0.0610764
0.14253
0.175201
0.168771
0.0555541
0.0412991
0.037911
0.0468266
0.11991
0.067396
0.0466017
0.0122669
0.0451575
0.0263342
0.0779742
0.0834419
0.0452888
0.138217
0.0124592
0.0414663
0.126498
0.0383353
0.0974804
0.173207
0.0994892
0.125453
0.0979794
0.0824366
0.132514
0.0938776
0.0506658
0.157305
0.141498
0.135595
0.0128665
0.0458841
0.0545405
0.000280304
0.0452485
0.0798327
0.0596661
0.0781935
0.15669
0.0341707
0.172575
0.202553
0.0389749
0.0838648
0.102703
0.156477
0.0389512
0.179383
0.114797
0.0929664
0.0958547
0.0973005
0.0389448
0.0346724
0.124529
0.102569
0.157294
0.146303
0.105787
0.209323
0.114006
0.0993787
0.0799936
0.119809
0.15467
0.121945
0.166398
0.0855684
0.0185039
0.0186484
0.0844209
0.0226649
0.11845
0.0265375
0.15074
0.0287438
0.0890771
0.108851
0.142294
0.0968544
0.0202887
0.113051
0.0631936
0.127099
0.0243544
0.0488182
0.141551
0.193431
0.0568291
0.0118918
0.154869
0.160563
0.013736
0.0724293
0.172629
0.144108
0.106539
0.200123
0.0555956
0.0561168
0.0623341
0.0545891
0.0621754
0.0476245
0.064579
0.162645
0.156578
0.0388949
0.0726152
0.0799306
0.0704482
0.0470569
0.0978891
0.0915702
0.0371978
0.00863042
0.0588251
0.209182
0.0602767
0.0077947
0.0670552
0.0893305
0.100442
0.0630196
0.15623
0.0955627
0.139365
0.119878
0.0395952
0.0731474
0.186671
0.109203
0.0635234
0.0859983
0.129383
0.0402548
0.186479
0.00807804
0.164767
0.166222
0.12692
0.105541
0.0443686
0.0908131
0.0219873
0.137975
0.211224
0.130676
0.184679
0.139849
0.0751622
0.0740651
0.0368398
0.115842
0.161006
0.139964
0.0160556
0.0502979
0.0732933
0.101784
0.157635
0.0752834
0.0491419
0.0856741
0.0988328
0.0404642
0.0470084
0.0942075
0.0702851
0.144887
0.167876
0.101496
0.0701863
0.0725734
0.109398
0.16496
0.0261534
0.025959
0.0784644
0.0479311
0.0649215
0.130058
0.0833258
0.0856175
0.00536944
0.0404325
0.113091
0.167347
0.197788
0.0481827
0.0195077
0.120997
0.0620649
0.0633847
0.0585798
0.0582738
0.0506965
0.00608356
0.183362
0.00966682
0.159242
0.052667
0.12016
0.0688756
0.011859
0.203258
0.0673965
0.0219976
0.0170916
0.187736
0.0963536
0.158885
0.162091
0.0401999
0.152178
0.0125311
0.0175016
0.00475608
0.0473845
0.0331506
0.0455025
0.0341485
0.0816194
0.0852403
0.0251286
0.040878
0.0230902
0.0545495
0.0984248
0.0357607
0.0367854
0.0566664
0.0293381
0.0554382
0.153553
0.184357
0.0316522
0.0211317
0.178602
0.0317414
0.15557
0.026493
0.0623632
0.0706411
0.0693685
0.151039
0.163154
0.0255717
0.031047
0.135903
0.109451
0.0804458
0.17243
0.124762
0.0923953
0.0843216
0.0884404
0.0579952
0.132691
0.0523826
0.152609
0.0787507
0.060333
0.086839
0.0412446
0.0402177
0.0297713
0.0496281
0.0901278
0.0609866
0.134774
0.00997176
0.0413877
0.0495894
0.153528
0.0410125
0.0345418
0.0453495
0.0723825
0.00885751
0.0600972
0.0736014
0.0981439
0.123315
0.0119596
0.117409
0.00699595
0.107614
0.201176
0.0593649
0.122474
0.00561715
0.0400422
0.125986
0.21216
0.0159867
0.0392042
0.0662297
0.104288
0.0339984
0.121696
0.0367701
0.0463714
0.0578088
0.145458
0.0617171
0.069218
0.219424
0.0468302
0.101256
0.0183672
0.0472142
0.0171597
0.0815859
0.05378
0.0394116
0.0147522
0.130577
0.0820223
0.147764
0.123255
0.134648
0.0370805
0.0499863
0.172449
0.196288
0.0363392
0.0533214
0.0365072
0.105516
0.0850705
0.0417861
0.0913994
0.052745
0.103105
0.0315344
0.0904135
0.0815215
0.0138566
0.168943
0.0457294
0.106679
0.00909374
0.0538586
0.056383
0.112117
0.039666
0.149351
0.0790355
0.0796673
0.1178
0.0609776
0.0815188
0.0302357
0.163069
0.0452095
0.0408556
0.00892113
0.11504
0.0223078
0.170342
0.0469568
0.0317268
0.110715
0.107367
0.139241
0.0333061
0.0466401
0.0672591
0.131299
0.0308574
0.0445255
0.165359
0.0291227
0.142519
0.12005
0.0286884
0.175021
0.0946364
0.17973
0.0704142
0.0600905
0.0699846
0.0132398
0.0381265
0.0686035
0.0665638
0.0430452
0.0406451
0.0152377
0.214012
0.127899
0.115926
0.0464685
0.167249
0.0502577
0.0249302
0.0485359
0.151145
0.156042
0.0263406
0.0647912
0.171452
0.0416233
0.0249679
0.0456773
0.0754851
0.0455785
0.0798645
0.0834456
0.0438865
0.120677
0.0340938
0.0855486
0.0105317
0.00751718
0.151233
0.0231048
0.133996
0.0524763
0.0256456
0.0440858
0.135986
0.152541
0.0471273
0.045747
0.0744284
0.0210528
0.0457615
0.0573192
0.00714794
0.111763
0.0446203
0.0848978
0.150923
0.00876323
0.00927538
0.180273
0.0196012
0.04823
0.144081
0.0502462
0.0403803
0.0379898
0.115409
0.089175
0.0346845
0.0354974
0.14338
0.0329762
0.000571995
0.0315711
0.0892941
0.0324169
0.138137
0.0683711
0.119642
0.169762
0.0295719
0.0254514
0.129462
0.0684964
0.0361748
0.0623424
0.0246361
0.165129
0.127327
0.025741
0.0307855
0.1014
0.0683772
0.0484037
0.0673523
0.0198197
0.0450375
0.0699525
0.104818
0.0618003
0.167933
0.0652144
0.166928
0.00891127
0.018302
0.0764303
0.124639
0.158051
0.165875
0.049869
0.0116073
0.0914138
0.190835
0.0667646
0.0464991
0.131523
0.115113
0.117995
0.102859
0.0593907
0.0539168
0.0149063
0.02662
0.0679411
0.0166771
0.135675
0.0913243
0.0714424
0.090364
0.114955
0.10908
0.0729668
0.0339148
0.0486147
0.190395
0.0918958
0.08278
0.058409
0.0990557
0.052366
0.0292773
0.0465663
0.0723625
0.0613387
0.0565625
0.0572197
0.160766
0.147926
0.00938896
0.0441554
0.130115
0.0399927
0.13511
0.206351
0.144588
0.0654455
0.042375
0.016056
0.108563
0.0226994
0.140263
0.00943433
0.0556898
0.0185179
0.0901489
0.0615023
0.0401041
0.0728166
0.10925
0.114394
0.0337668
0.0780494
0.0279681
0.175665
0.18292
0.0441568
0.159534
0.0391122
0.126498
0.111508
0.0781319
0.028966
0.0697978
0.0740854
0.0980631
0.016387
0.066403
0.107234
0.0657363
0.0536486
0.146816
0.107061
0.0443506
0.0374487
0.0634346
0.170823
0.105619
0.151477
0.161036
0.115375
0.070033
0.177649
0.146561
0.0153739
0.0938727
0.11582
0.0980795
0.0484702
0.014595
0.127517
0.0726326
0.0600324
0.0140581
0.0507149
0.116452
0.124302
0.0894761
0.0514182
0.0312081
0.201017
0.0219442
0.0401009
0.097567
0.1426
0.0545279
0.17317
0.115726
0.014228
0.0779542
0.107016
0.0876835
0.0495954
0.0355093
0.0254965
0.033924
0.0492268
0.118017
0.0695178
0.056855
0.0172826
0.0375263
0.0574368
0.226462
0.148578
0.113239
0.155442
0.0295367
0.0471734
0.0213669
0.071693
0.185523
0.0458914
0.099036
0.080091
0.00312511
0.113297
0.0495233
0.0798973
0.0603819
0.0782351
0.0156499
0.0109112
0.0585989
0.063874
0.124947
0.139497
0.17428
0.185255
0.00310488
0.132906
0.0122967
0.0382026
0.145643
0.105383
0.0459687
0.0712352
0.0311734
0.0898827
0.0665559
0.145636
0.11874
0.179183
0.0300765
0.0962337
0.0161408
0.0888779
0.0515186
0.137452
0.150164
0.0461783
0.0135837
0.065064
0.0664482
0.0566057
0.128731
0.15981
0.104985
0.215973
0.0454804
0.0245492
0.0755001
0.123658
0.135932
0.108517
0.073432
0.101888
0.0667378
0.0450084
0.0411776
0.123082
0.055903
0.0265477
0.0366646
0.0919929
0.0576185
0.0443064
0.111097
0.0992469
0.0537413
0.00370377
0.111793
0.129611
0.183967
0.0786467
0.0760358
0.0630117
0.0609734
0.120713
0.0307002
0.0474718
0.0967481
0.10468
0.0374699
0.15057
0.0648395
0.0532139
0.00884928
0.149951
0.199799
0.122591
0.0648421
0.108107
0.141592
0.173813
0.0579171
0.0273612
0.00357036
0.0976969
0.168156
0.0485372
0.215281
0.0162038
0.0926507
0.120548
0.0490378
0.0162411
0.100584
0.0742113
0.0913722
0.0542073
0.0275984
0.159179
0.154081
0.146049
0.0226818
0.162426
0.00349403
0.0922711
0.107088
0.141751
0.0649322
0.162597
0.0388134
0.0452042
0.0385478
0.0682582
0.121912
0.0438772
0.097137
0.126541
0.0146228
0.0130282
0.103193
0.114888
0.0417826
0.0827427
0.0936947
0.0931985
0.0984433
0.132636
0.0660592
0.151757
0.0574076
0.146129
0.193198
0.0207556
0.164349
0.0332882
0.183618
0.0834729
0.174212
0.0213143
0.0688163
0.0796446
0.0759536
0.099849
0.0186394
0.0167902
0.0227636
0.0671386
0.0591724
0.0232593
0.0884598
0.146223
0.0603871
0.0468596
0.0307799
0.0295914
0.0849342
0.100388
0.11406
0.0117155
0.108988
0.0063241
0.139147
0.138171
0.167023
0.0298374
0.151278
0.0446508
0.0134329
0.125385
0.167839
0.101539
0.0629144
0.211162
0.0611695
0.0597308
0.122777
0.0206817
0.196749
0.0114204
0.0574763
0.00700534
0.0150776
0.0391637
0.0791805
0.104591
0.0163547
0.0666936
0.0249179
0.00372689
0.0161596
0.0547666
0.110113
0.0904885
0.0383259
0.068599
0.102349
0.125938
0.0238782
0.0505704
0.0646552
0.102578
0.0733053
0.0245354
0.0389398
0.0308792
0.0142333
0.0245705
0.113213
0.00889409
0.0544003
0.0773467
0.0308539
0.105709
0.0680175
0.123968
0.025536
0.057089
0.149309
0.0237269
0.108454
0.0488602
0.075353
0.0718647
0.180432
0.121784
0.141311
0.067587
0.190266
0.114578
0.0191374
0.10177
0.0885573
0.0597951
0.0283664
0.0086286
0.0618004
0.0688441
0.0385569
0.0998132
0.127613
0.161161
0.00647129
0.148737
0.0239459
0.0236436
0.110328
0.145152
0.0405906
0.171704
0.0732664
0.0169539
0.0270324
0.0723161
0.0265335
0.097864
0.0103235
0.00941661
0.0415086
0.0102984
0.00720261
0.0599134
0.0380815
0.0608544
0.0493988
0.0178214
0.0763316
0.0784766
0.0545374
0.0957355
0.167458
0.0470241
0.0983651
0.0998204
0.0526039
0.122764
0.0261214
0.117968
0.144968
0.0518193
0.146151
0.0530973
0.00618694
0.0112759
0.0531209
0.102288
0.066214
0.0236783
0.136081
0.0893009
0.0328791
0.215354
0.0157292
0.176805
0.114272
0.015493
0.0834885
0.148188
0.0154844
0.0991105
0.0950776
0.162314
0.0540377
0.0399819
0.0373276
0.119696
0.162616
0.0525298
0.172691
0.0708465
0.0389144
0.124131
0.0312491
0.0575132
0.121508
0.158495
0.164581
0.0277272
0.108143
0.112773
0.0394458
0.159082
0.132735
0.0258103
0.0429749
0.0171498
0.144186
0.008047
0.138351
0.100065
0.0151791
0.0176262
0.0788394
0.00479172
0.0152336
0.179274
0.0104328
0.0254852
0.151075
0.0576875
0.116916
0.0644873
0.0687241
0.0746978
0.20152
0.0231937
0.204937
0.0611718
0.0401498
0.128681
0.0915335
0.123428
0.0688401
0.0951956
0.0404513
0.16927
0.134961
0.133091
0.110342
0.0360381
0.0364269
0.00985678
0.0345419
0.0747929
0.108604
0.0932953
0.0642244
0.0335303
0.0568437
0.176178
0.00834985
0.0708689
0.1617
0.0724376
0.0887266
0.0936143
0.16256
0.109683
0.0348617
0.0324338
0.0461711
0.156887
0.0277342
0.0656034
0.0525452
0.0155505
0.105349
0.0827466
0.0820127
0.0654419
0.106866
0.106895
0.0680652
0.0323407
0.0017139
0.0232682
0.065617
0.1691
0.00461831
0.0720061
0.0654261
0.0919457
0.141112
0.0911914
0.0104204
0.0975848
0.0880477
0.0552927
0.166548
0.173338
0.0559703
0.111639
0.129544
0.132579
0.083042
0.0945235
0.0750329
0.125679
0.148126
0.108333
0.115808
0.0997469
0.123524
0.194579
0.144776
0.136383
0.0718462
0.0905154
0.185677
0.070137
0.17369
0.0920907
0.00817694
0.0377285
0.0753368
0.137967
0.0463267
0.0853781
0.0486144
0.177145
0.0813069
0.0270757
0.185689
0.142965
0.0216801
0.0871002
0.0284567
0.051476
0.0654752
0.0370561
0.170105
0.0225255
0.0135967
0.0759563
0.0477189
0.098177
0.0780071
0.0550122
0.13234
0.0275518
0.0235917
0.0340037
0.0708561
0.0861983
0.0946729
0.154696
0.0912068
0.0791369
0.100418
0.0660001
0.189768
0.0555899
0.116758
0.0632041
0.107663
0.0765901
0.065083
0.0203244
0.0247952
0.0528402
0.0836079
0.0202968
0.0525567
0.0610764
0.14253
0.175201
0.168771
0.0555541
0.0412991
0.037911
0.0468266
0.11991
0.067396
0.0466017
0.0122669
0.0451575
0.0263342
0.0779742
0.0834419
0.0452888
0.138217
0.0124592
0.0414663
0.126498
0.0383353
0.0974804
0.173207
0.0994892
0.125453
0.0979794
0.0824366
0.132514
0.0938776
0.0506658
0.157305
0.141498
0.135595
0.0128665
0.0458841
0.0545405
0.000280304
0.0452485
0.0798327
0.0596661
0.0781935
0.15669
0.0341707
0.172575
0.202553
0.0389749
0.0838648
0.102703
0.156477
0.0389512
0.179383
0.114797
0.0929664
0.0958547
0.0973005
0.0389448
0.0346724
0.124529
0.102569
0.157294
0.146303
0.105787
0.209323
0.114006
0.0993787
0.0799936
0.119809
0.15467
0.121945
0.166398
0.0855684
0.0185039
0.0186484
0.0844209
0.0226649
0.11845
0.0265375
0.15074
0.0287438
0.0890771
0.108851
0.142294
0.0968544
0.0202887
0.113051
0.0631936
0.127099
0.0243544
0.0488182
0.141551
0.193431
0.0568291
0.0118918
0.154869
0.160563
0.013736
0.0724293
0.172629
0.144108
0.106539
0.200123
0.0555956
0.0561168
0.0623341
0.0545891
0.0621754
0.0476245
0.064579
0.162645
0.156578
0.0388949
0.0726152
0.0799306
0.0704482
0.0470569
0.0978891
0.0915702
0.0371978
0.00863042
0.0588251
0.209182
0.0602767
0.0077947
0.0670552
0.0893305
0.100442
0.0630196
0.15623
0.0955627
0.139365
0.119878
0.0395952
0.0731474
0.186671
0.109203
0.0635234
0.0859983
0.129383
0.0402548
0.186479
0.00807804
0.164767
0.166222
0.12692
0.105541
0.0443686
0.0908131
0.0219873
0.137975
0.211224
0.130676
0.184679
0.139849
0.0751622
0.0740651
0.0368398
0.115842
0.161006
0.139964
0.0160556
0.0502979
0.0732933
0.101784
0.157635
0.0752834
0.0491419
0.0856741
0.0988328
0.0404642
0.0470084
0.0942075
0.0702851
0.144887
0.167876
0.101496
0.0701863
0.0725734
0.109398
0.16496
0.0261534
0.025959
0.0784644
0.0479311
0.0649215
0.130058
0.0833258
0.0856175
0.00536944
0.0404325
0.113091
0.167347
0.197788
0.0481827
0.0195077
0.120997
0.0620649
0.0633847
0.0585798
0.0582738
0.0506965
0.00608356
0.183362
0.00966682
0.159242
0.052667
0.12016
0.0688756
0.011859
0.203258
0.0673965
0.0219976
0.0170916
0.187736
0.0963536
0.158885
0.162091
0.0401999
0.152178
0.0125311
0.0175016
0.00475608
0.0473845
0.0331506
0.0455025
0.0341485
0.0816194
0.0852403
0.0251286
0.040878
0.0230902
0.0545495
0.0984248
0.0357607
0.0367854
0.0566664
0.0293381
0.0554382
0.153553
0.184357
0.0316522
0.0211317
0.178602
0.0317414
0.15557
0.026493
0.0623632
0.0706411
0.0693685
0.151039
0.163154
0.0255717
0.031047
0.135903
0.109451
0.0804458
0.17243
0.124762
0.0923953
0.0843216
0.0884404
0.0579952
0.132691
0.0523826
0.152609
0.0787507
0.060333
0.086839
0.0412446
0.0402177
0.0297713
0.0496281
0.0901278
0.0609866
0.134774
0.00997176
0.0413877
0.0495894
0.153528
0.0410125
0.0345418
0.0453495
0.0723825
0.00885751
0.0600972
0.0736014
0.0981439
0.123315
0.0119596
0.117409
0.00699595
0.107614
0.201176
0.0593649
0.122474
0.00561715
0.0400422
0.125986
0.21216
0.0159867
0.0392042
0.0662297
0.104288
0.0339984
0.121696
0.0367701
0.0463714
0.0578088
0.145458
0.0617171
0.069218
0.219424
0.0468302
0.101256
0.0183672
0.0472142
0.0171597
0.0815859
0.05378
0.0394116
0.0147522
0.130577
0.0820223
0.147764
0.123255
0.134648
0.0370805
0.0499863
0.172449
0.196288
0.0363392
0.0533214
0.0365072
0.105516
0.0850705
0.0417861
0.0913994
0.052745
0.103105
0.0315344
0.0904135
0.0815215
0.0138566
0.168943
0.0457294
0.106679
0.00909374
0.0538586
0.056383
0.112117
0.039666
0.149351
0.0790355
0.0796673
0.1178
0.0609776
0.0815188
0.0302357
0.163069
0.0452095
0.0408556
0.00892113
0.11504
0.0223078
0.170342
0.0535718
0.183044
0.018418
0.0130238
0.00488967
0.154594
0.0434532
0.0606788
0.0947443
0.022682
0.103827
0.131552
0.107422
0.202439
0.14056
0.0333556
0.195951
0.0459117
0.0992102
0.144488
0.0839649
0.0078385
0.0826491
0.0453166
0.129398
0.131391
0.13097
0.0637946
0.0169263
0.00992839
0.0346086
0.0133325
0.0957804
0.0400514
0.14133
0.0343716
0.101134
0.0883101
0.185227
0.0255122
0.0796568
0.0272966
0.137829
0.0257832
0.0944749
0.0780174
0.00875685
0.0119748
0.133788
0.0959031
0.0409103
0.18185
0.0417222
0.117435
0.206701
0.0548986
0.0923573
0.0167392
0.0574217
0.0599593
0.00228702
0.10918
0.133976
0.180932
0.0699038
0.0915794
0.0580417
0.0212729
0.142581
0.0405008
0.100735
0.0604053
0.040622
0.033493
0.0958344
0.0333709
0.127938
0.0260209
0.0704208
0.0414968
0.0748268
0.183743
0.200176
0.0505471
0.0343183
0.132163
0.0382531
0.115399
0.011022
0.156981
0.0267822
0.00452021
0.0868509
0.175311
0.0291702
0.0845846
0.139501
0.100595
0.0376948
0.160466
0.174052
0.114342
0.034895
0.0546815
0.0197387
0.0323256
0.158923
0.00520748
0.108953
0.0210999
0.0168803
0.038264
0.111022
0.152545
0.084869
0.0886893
0.176961
0.0340746
0.0817711
0.192338
0.0867658
0.054081
0.189376
0.203653
0.107252
0.08195
0.0321273
0.13314
0.0104537
0.0442964
0.0777314
0.132296
0.141431
0.148138
0.0457317
0.114994
0.0604448
0.186099
0.00571365
0.139009
0.0227604
0.0354948
0.13866
0.111921
0.141631
0.0197981
0.094733
0.0183466
0.00971222
0.0287913
0.0157426
0.101348
0.0359622
0.00584947
0.0074264
0.211873
0.04454
0.0155466
0.0252733
0.0198094
0.0901583
0.108804
0.102745
0.154976
0.128681
0.0855647
0.0284698
0.0178028
0.13093
0.0265585
0.0853943
0.0714969
0.0243778
0.081469
0.202748
0.12315
0.0696607
0.083755
0.139847
0.13784
0.0793753
0.113153
0.0846019
0.0456145
0.127301
0.0665395
0.0494706
0.102832
0.108341
0.0155064
0.015241
0.189034
0.0449779
0.106319
0.023201
0.175693
0.0175047
0.118836
0.011313
0.141219
0.0866176
0.00930996
0.0649941
0.0658415
0.01769
0.113224
0.0465741
0.0717414
0.0418427
0.0247575
0.0554468
0.0652926
0.147677
0.118718
0.0664241
0.185924
0.207491
0.0857067
0.158278
0.192564
0.026791
0.00686829
0.0541784
0.0753922
0.0857648
0.089937
0.164881
0.0615096
0.0251535
0.0432915
0.0141358
0.0127479
0.0608856
0.144608
0.0378284
0.0616978
0.123084
0.0165181
0.0587703
0.0420847
0.110498
0.102541
0.0696334
0.106628
0.0607462
0.105448
0.0589981
0.104713
0.0180544
0.0592697
0.0131048
0.0807811
0.025819
0.0675362
0.102049
0.140363
0.0908213
0.0814312
0.0411493
0.064319
0.0141715
0.0370983
0.0776761
0.192193
0.0191914
0.0797006
0.0379356
0.077511
0.0481799
0.0981169
0.0733398
0.014286
0.0765405
0.0329487
0.136288
0.0447148
0.126882
0.149705
0.0660254
0.0658733
0.0593403
0.15334
0.0669047
0.0118585
0.038139
0.0210735
0.0768021
0.0845239
0.0282558
0.139812
0.127226
0.0149432
0.224562
0.037619
0.0864365
0.0897886
0.0507978
0.0245361
0.0656134
0.0804969
0.00309787
0.172081
0.0803735
0.0627408
0.0711287
0.0134905
0.133512
0.0149512
0.0698806
0.181696
0.172199
0.152025
0.0219125
0.162145
0.188206
0.0501467
0.0969802
0.0372451
0.0962663
0.0523948
0.0810942
0.0481744
0.101642
0.0658232
0.0290886
0.0662472
0.105589
0.0592099
0.108437
0.0359196
0.0317364
0.0128536
0.0389142
0.0169932
0.0681693
0.193716
0.131952
0.19463
0.0205734
0.0673604
0.0212719
0.0345344
0.070947
0.0328722
0.142037
0.187455
0.105404
0.0475023
0.169058
0.0646223
0.0979598
0.0444722
0.114867
0.0321936
0.0347629
0.00816309
0.0264446
0.0195626
0.137433
0.11942
0.0949704
0.150544
0.00311231
0.0261073
0.0449876
0.0410388
0.0150245
0.0497732
0.0952744
0.0928793
0.0111474
0.155666
0.0546545
0.087076
0.0351295
0.0440646
0.0921579
0.067631
0.134125
0.01301
0.0195701
0.0847418
0.0612817
0.0540246
0.0705665
0.0749431
0.0226079
0.0461979
0.036987
0.0832176
0.105551
0.0163102
0.0621009
0.0606876
0.0521865
0.0909796
0.0892311
0.110306
0.0458678
0.0340966
0.0590132
0.00317893
0.0450154
0.143013
0.133102
0.116518
0.128144
0.117076
0.118267
0.0843836
0.190257
0.0197625
0.0785845
0.154846
0.0161122
0.0393936
0.142614
0.0757734
0.0289054
0.0104961
0.157899
0.11396
0.0762986
0.160478
0.0329406
0.046199
0.0205296
0.0138204
0.140633
0.0581667
0.0157781
0.0177573
0.0104705
0.0307069
0.137104
0.0601404
0.136363
0.0245525
0.151992
0.150803
0.0725943
0.0153948
0.0485233
0.15898
0.0766328
0.207484
0.113135
0.0140882
0.114206
0.0540442
0.122167
0.0535942
0.202544
0.102457
0.0232739
0.0774488
0.0431498
0.162064
0.191644
0.103515
0.0934183
0.0235179
0.0215322
0.0940813
0.0267853
0.0541454
0.0821931
0.0416103
0.0517945
0.117572
0.0789485
0.0347299
0.0896627
0.0702653
0.16534
0.0323564
0.0754531
0.133823
0.0620607
0.00988701
0.171396
0.100156
0.0526783
0.0705533
0.0603025
0.0233795
0.0172257
0.00651001
0.0503985
0.0875549
0.170783
0.0253129
0.0183176
0.139437
0.0522541
0.188649
0.0103743
0.00777143
0.176492
0.0856095
0.128466
0.143363
0.0277755
0.127577
0.125009
0.054124
0.0709536
0.0510438
0.0537162
0.19445
0.0110654
0.0201532
0.161231
0.00536732
0.0382559
0.149351
0.0923759
0.213095
0.139703
0.0315046
0.0572779
0.037602
0.0768938
0.0828453
0.135621
0.00816348
0.0553699
0.111295
0.0566405
0.0243658
0.0133654
0.0782437
0.082697
0.139708
0.146731
0.0084382
0.0256688
0.0958182
0.20342
0.164342
0.0737279
0.0251125
0.0532141
0.0889323
0.0216506
0.102137
0.0391573
0.00561703
0.0778818
0.12435
0.0350659
0.0313933
0.0186268
0.012445
0.0777203
0.0864711
0.0449046
0.0147063
0.0190362
0.06665
0.101794
0.0488781
0.0340087
0.0681367
0.15177
0.122261
0.12667
0.199593
0.0580479
0.125857
0.038959
0.00501767
0.099126
0.0742208
0.0482602
0.0929765
0.00717383
0.105689
0.011007
0.0539756
0.192805
0.113737
0.18938
0.013171
0.201543
0.0310369
0.0229726
0.0714253
0.0506746
0.0481916
0.119901
0.0448884
0.0637615
0.0684274
0.15426
0.0904672
0.023623
0.0296594
0.0512815
0.0582791
0.0604182
0.155425
0.0076537
0.0476216
0.130814
0.111479
0.0265719
0.167081
0.0831722
0.118428
0.0261129
0.0572157
0.103863
0.0564959
0.0406516
0.157887
0.129969
0.0289005
0.0610268
0.0255041
0.0875028
0.0242133
0.0257391
0.0278624
0.0441485
0.0196008
0.150166
0.0665112
0.0786327
0.134901
0.160098
0.0729323
0.151188
0.0073831
0.218064
0.191737
0.0142455
0.154531
0.0202385
0.0761754
0.0570421
0.102276
0.116881
0.0274981
0.0303317
0.134887
0.0269731
0.109392
0.137853
0.049492
0.0646737
0.0453483
0.059622
0.0371868
0.180457
0.0942554
0.155699
0.129876
0.162223
0.0912313
0.19604
0.0234948
0.121722
0.105011
0.00803816
0.117922
0.100874
0.112348
0.0627151
0.0832027
0.0961121
0.192432
0.0755717
0.0508482
0.0121409
0.0365556
0.129037
0.0117586
0.0441221
0.0328501
0.0478448
0.00379649
0.0378798
0.109762
0.0714262
0.0931257
0.0610102
0.130555
0.117576
0.18402
0.091699
0.169243
0.0593498
0.0159531
0.0577006
0.20343
0.138691
0.0546512
0.103289
0.166788
0.08499
0.18082
0.0110765
0.0935119
0.145842
0.0449044
0.0747477
0.0380227
0.053822
0.00330364
0.0395675
0.0525096
0.0805711
0.0901943
0.174305
0.013851
0.0153074
0.0914318
0.131744
0.00873054
0.167383
0.0889617
0.0890858
0.0221081
0.0554179
0.0134827
0.161328
0.079405
0.065241
0.0863538
0.0405322
0.0665431
0.121616
0.0330163
0.0086881
0.031464
0.132543
0.0344195
0.117981
0.0976737
0.0268481
0.0625127
0.138366
0.117455
0.109078
0.174248
0.157738
0.0511032
0.200867
0.0305726
0.0531408
0.0239717
0.155583
0.0835775
0.0680442
0.0453631
0.162935
0.0898918
0.00369875
0.123999
0.0333849
0.00022056
0.0271347
0.126663
0.0661944
0.184094
0.118375
0.134081
0.038263
0.0247179
0.0194175
0.103621
0.150632
0.111455
0.0785531
0.0733621
0.0492994
0.140406
0.141611
0.0309665
0.0630659
0.123976
0.0948723
0.00727559
0.00708471
0.0187119
0.11364
0.0995205
0.0686089
0.170421
0.145444
0.0155714
0.020253
0.0956529
0.0978513
0.0651138
0.125633
0.0871053
0.115001
0.156497
0.101657
0.0984414
0.127897
0.0522913
0.0109293
0.0276738
0.00294585
0.134853
0.00938888
0.0541736
0.0308377
0.0849629
0.139134
0.112191
0.146709
0.128363
0.0129975
0.062032
0.0683364
0.0876265
0.0722733
0.139241
0.0378972
0.0257424
0.035971
0.0322478
0.122626
0.0309582
0.110105
0.134438
0.0405153
0.0269567
0.0710665
0.0203013
0.0228345
0.0700946
0.079592
0.0321947
0.121995
0.101823
0.0355331
0.00717844
0.0328241
0.0795315
0.115778
0.185103
0.072394
0.00998935
0.108632
0.0173982
0.193629
0.0903863
0.0231886
0.0498992
0.0311109
0.095326
0.194864
0.0146069
0.139778
0.159632
0.0871
0.150481
0.0215153
0.189837
0.0684445
0.0427948
0.0123229
0.0516997
0.00742909
0.0132766
0.0977269
0.0748712
0.120563
0.17521
0.00984406
0.0618112
0.178134
0.029446
0.0167473
0.0454275
0.00524164
0.0171437
0.106199
0.00570888
0.072452
0.0866986
0.125129
0.111366
0.095969
0.0974509
0.16876
0.0470788
0.0359397
0.0372533
0.0227189
0.0235922
0.106475
0.140084
0.0201654
0.0334989
0.17982
0.0912925
0.139861
0.0264429
0.0845247
0.08813
0.0254807
0.171248
0.080277
0.0506886
0.0574203
0.0958267
0.12533
0.00842365
0.0744374
0.00597725
0.0502376
0.0392706
0.11573
0.165964
0.123099
0.0281445
0.12472
0.0933163
0.0461707
0.00328851
0.155946
0.150357
0.114588
0.183802
0.196595
0.112372
0.16106
0.0560167
0.0291197
0.093936
0.0479857
0.00578941
0.0828323
0.108981
0.0582069
0.116151
0.0296375
0.122414
0.018811
0.0690847
0.034538
0.158056
0.0196061
0.0633766
0.0965773
0.00120655
0.0363933
0.0333981
0.0436111
0.140987
0.143672
0.0577083
0.0379994
0.0571437
0.124832
0.0415061
0.0739749
0.214047
0.145247
0.00857712
0.0770623
0.107554
0.0839828
0.0759979
0.0795987
0.0442555
0.0929785
0.106671
0.095108
0.117731
0.062741
0.14994
0.0669247
0.00170468
0.0857565
0.0310552
0.0751075
0.0528245
0.188665
0.0852864
0
0.0906027
0.0443752
0.0988121
0.00672634
0.0704546
0.106884
0.115267
0.174314
0.0202942
0.0762545
0.0571424
0.186199
0.0744455
0.0603299
0.0138195
0.177224
0.0572268
0.180557
0.102192
0.0496157
0.0367093
0.127596
0.0926608
0.118542
0.113758
0.0734153
0.16472
0.034118
0.0136929
0.0200299
0.0913447
0.018229
0.0238002
0.0444007
0.109272
0.0800826
0.0600169
0.145093
0.0740215
0.192631
0.0154483
0.114498
0.0875965
0.0541075
0.0665718
0.0551868
0.0437087
0.156763
0.0527596
0.0528573
0.0816591
0.0208061
0.0669121
0.149959
0.100044
0.0526713
0.115836
0.0209936
0.0598801
0.0143149
0.0967761
0.0641022
0.180217
0.0294743
0.0523462
0.0746212
0.156695
0.054586
0.103493
0.0225781
0.0506605
0.0121357
0.058504
0.0818609
0.0428217
0.0410638
0.078949
0.0480432
0.0260868
0.0491666
0.0260167
0.0459386
0.0176861
0.0387353
0.105783
0.0605719
0.119494
0.0374755
0.00991428
0.0576896
0.00609707
0.02263
0.0127364
0.141777
