0.0381092
0.0373605
0.115856
0.0895371
0.0743776
0.0750412
0.0264777
0.00338085
0.0661918
0.0264847
0.0536431
0.152708
0.138146
0.199271
0.00517231
0.100365
0.041475
0.126089
0.176627
0.0538069
0.130191
0.0342008
0.0239439
0.0590357
0.00705509
0.0128706
0.160191
0.111402
0.172238
0.0428016
0.151706
0.176521
0.0490054
0.0203896
0.0712503
0.0395055
0.0531833
0.037626
0.0139567
0.0747061
0.00096083
0.158284
0.0166155
0.0482669
0.0460041
0.0409517
0.0651421
0.0345224
0.0375914
0.078563
0.13909
0.155131
0.0115609
0.0756338
0.137148
0.0961138
0.00699753
0.0862266
0.147287
0.109173
0.111453
0.0453135
0.0855724
0.186888
0.125942
0.0846673
0.111315
0.0118134
0.00423458
0.109786
0.0258993
0.019702
0.119796
0.0291938
0.108857
0.0973807
0.0369309
0.0107208
0.125585
0.0799851
0.048961
0.110327
0.0613532
0.0686757
0.0203904
0.0209284
0.188459
0.0747741
0.0165036
0.0277791
0.0557325
0.0273927
0.0939846
0.0519626
0.0929051
0.0725911
0.0465387
0.0919598
0.0647526
0.092285
0.0341791
0.0867255
0.0964406
0.0586922
0.137897
0.143268
0.0895295
0.0538461
0.158598
0.0442551
0.0365271
0.0448239
0.0666347
0.0658642
0.0569874
0.0143569
0.0212041
0.0252552
0.0494004
0.089879
0.0245891
0.0872937
0.107385
0.0321203
0.0079923
0.0149483
0.190991
0.10488
0.215302
0.0167279
0.068202
0.0192322
0.0464014
0.0301879
0.0528238
0.0449219
0.0445996
0.113152
0.127217
0.0774466
0.141899
0.0864779
0.100629
0.0777926
0.0415019
0.106316
0.134819
0.108046
0.163612
0.0525568
0.0643438
0.0929224
0.0675836
0.157948
0.0837108
0.0988282
0.193631
0.021314
0.0852562
0.0687814
0.0153574
0.0670278
0.0701188
0.117462
0.0222926
0.010646
0.0477015
0.020336
0.0326468
0.143083
0.046815
0.0497233
0.0621793
0.0820741
0.140741
0.0504971
0.122163
0.15532
0.0649764
0.125419
0.0299818
0.0349911
0.0270524
0.0888096
0.0470455
0.0948754
0.0927794
0.10227
0.057785
0.0642452
0.0402464
0.0632812
0.105523
0.116485
0.0912395
0.0360535
0.127849
0.0473525
0.110779
0.120031
0.0595157
0.00300287
0.0528259
0.138714
0.00881512
0.144751
0.12218
0.0847352
0.0936694
0.152662
0.02134
0.119011
0.115826
0.0418271
0.015476
0.0137241
0.010044
0.0361709
0.0419943
0.079207
0.134976
0.136816
0.0803823
0.00925161
0.0826897
0.00644643
0.0650774
0.0508206
0.0868674
0.157106
0.107497
0.188127
0.0233279
0.0788206
0.21158
0.151676
0.00431124
0.10357
0.0199003
0.0588509
0.00483619
0.0901357
0.0861332
0.074116
0.199526
0.10131
0.0685133
0.0662277
0.133845
0.013059
0.104112
0.0956253
0.0519936
0.09621
0.0605961
0.128822
0.0851124
0.17376
0.0656667
0.143877
0.0171353
0.0457283
0.0409183
0.0282016
0.115359
0.149244
0.0877535
0.0405234
0.143228
0.0249304
0.184061
0.0246293
0.0483785
0.0657085
0.0909812
0.035977
0.0315642
0.0319436
0.113194
0.0179117
0.12875
0.150785
0.0744609
0.133685
0.0878011
0.0518761
0.120048
0.192991
0.0249591
0.105221
0.150081
0.0366921
0.0153507
0.0514056
0.0612712
0.109926
0.0770613
0.0244903
0.118087
0.0559652
0.0550528
0.0701357
0.056763
0.136869
0.075654
0.0117399
0.100706
0.0401237
0.102811
0.0528787
0.0391701
0.0916861
0.182795
0.114303
0.0912158
0.0331828
0.100226
0.0697966
0.0396886
0.0456296
0.156659
0.137505
0.0342165
0.0138978
0.126797
0.158063
0.0488824
0.168979
0.0492092
0.0487901
0.104349
0.0725775
0.0744712
0.0238076
0.121617
0.167135
0.0180069
0.132093
0.0284573
0.022068
0.0903108
0.0608978
0.0806511
0.0305784
0.0198504
0.0748155
0.0287876
0.0716889
0.0133439
0.00407833
0.063933
0.154891
0.186746
0.0248348
0.125137
0.131495
0.194828
0.142389
0.176347
0.108263
0.155218
0.0395138
0.0679063
0.164841
0.0740164
0.0225889
0.225972
0.0978292
0.0932109
0.0820271
0.0181947
0.0061376
0.184188
0.0459713
0.0535658
0.00970114
0.0579025
0.014526
0.0124338
0.133983
0.123816
0.0781222
0.0538435
0.0419982
0.020498
0.155228
0.100681
0.148606
0.0663817
0.00552981
0.0558324
0.140578
0.0118215
0.0457978
0.0400876
0.106179
0.00449834
0.125673
0.0854979
0.116285
0.147707
0.0644465
0.0100311
0.0337939
0.00563864
0.19383
0.0262173
0.0350712
0.0829885
0.0708373
0.0361816
0.0933909
0.15175
0.12501
0.0854967
0.00687616
0.134037
0.00652607
0.0912984
0.157786
0.0210614
0.125816
0.155444
0.175767
0.126424
0.0815488
0.125563
0.0159622
0.0669265
0.111373
0.0520213
0.187695
0.130432
0.16164
0.0943985
0.123725
0.0371655
0.0295963
0.0927603
0.0750286
0.121669
0.0695541
0.00520817
0.0703734
0.071011
0.0771197
0.0999639
0.079652
0.0844391
0.0197488
0.110932
0.0198204
0.15753
0.0385373
0.130709
0.01963
0.0735841
0.0872222
0.0610048
0.158601
0.0250543
0.0370163
0.0367105
0.0938702
0.0643743
0.0856639
0.0452665
0.0640143
0.0189487
0.0496325
0.108882
0.0474078
0.0631003
0.0896149
0.130803
0.0831968
0.113441
0.0711092
0.0699597
0.0352783
0.0537072
0.0231194
0.0443996
0.0967115
0.0566381
0.113408
0.109521
0.0332213
0.16905
0.0613457
0.063527
0.0634926
0.129644
0.140911
0.116984
0.135472
0.113045
0.0497531
0.185669
0.107695
0.0316149
0.0780255
0.170518
0.123232
0.108776
0.00743279
0.130311
0.0580383
0.131003
0.0878813
0.135159
0.155052
0.0523445
0.0658965
0.084728
0.0697963
0.0210141
0.0162001
0.0178817
0.0854841
0.0285362
0.0231092
0.049675
0.138001
0.0806267
0.109629
0.0545364
0.011895
0.0317631
0.0128959
0.0231097
0.123016
0.0770387
0.126343
0.0822995
0.114052
0.113099
0.0849272
0.104084
0.0692243
0.0664006
0.0559832
0.0430057
0.114825
0.116601
0.181198
0.0487659
0.0835349
0.0585806
0.06005
0.0236321
0.0767825
0.175011
0.0568224
0.0946235
0.0535765
0.0985936
0.139599
0.0301982
0.0626547
0.0645586
0.0382413
0.0661474
0.135623
0.0670939
0.0417912
0.0460318
0.0927592
0.168352
0.0960077
0.0498915
0.0073735
0.0137091
0.0594825
0.00766577
0.0667081
0.0493202
0.109428
0.123966
0.0513608
0.0596701
0.052849
0.0703076
0.0403216
0.0385699
0.128982
0.0212442
0.120996
0.155274
0.0555857
0.128468
0.109919
0.0225245
0.207268
0.053027
0.0798774
0.0210756
0.0738753
0.095796
0.0464281
0.0513214
0.104001
0.0382063
0.0793947
0.200408
0.134053
0.0106695
0.104916
0.0629998
0.107454
0.0967697
0.0756617
0.0542006
0.0836281
0.167831
0.0478448
0.137743
0.0725569
0.0359262
0.0998578
0.0207472
0.0464876
0.0227975
0.0876756
0.0532753
0.0844886
0.0732758
0.0718584
0.15645
0.0828399
0.109804
0.0335364
0.0501266
0.0349975
0.0117029
0.0669846
0.130165
0.031918
0.0793054
0.128882
0.0612136
0.10332
0.0343661
0.0520002
0.0919029
0.0595335
0.0179364
0.097823
0.0192245
0.0721255
0.153065
0.10945
0.214813
0.0758793
0.0128993
0.0553386
0.125106
0.0784422
0.115101
0.113455
0.0203799
0.0622657
0.0137032
0.0865371
0.186146
0.146852
0.0409336
0.0745173
0.0903161
0.0220924
0.044765
0.169535
0.113194
0.0406579
0.0123889
0.0219109
0.0685267
0.00731546
0.108162
0.0707596
0.106717
0.101195
0.174618
0.0093087
0.095343
0.181965
0.0607342
0.0623858
0.0372863
0.0565435
0.0746891
0.133874
0.0793905
0.0901502
0.0856613
0.0786751
0.108821
0.0127662
0.0238744
0.109369
0.059332
0.0267184
0.013164
0.0326763
0.141003
0.0187016
0.139455
0.0167794
0.124374
0.106772
0.0115163
0.00378595
0.0860893
0.0982062
0.0245251
0.0375032
0.140328
0.0467857
0.12689
0.118555
0.113167
0.0710686
0.076185
0.196462
0.112443
0.084601
0.0848441
0.120703
0.0410148
0.0813455
0.141465
0.103811
0.101258
0.149406
0.0669681
0.0647402
0.148575
0.164027
0.0246368
0.0338641
0.101942
0.0775975
0.0681297
0.0476658
0.19385
0.107135
0.0653045
0.0629088
0.14684
0.00681803
0.0497904
0.075073
0.135919
0.0457367
0.0112553
0.0214617
0.107355
0.0550629
0.00389267
0.0771043
0.00141019
0.112485
0.00685722
0.0475785
0.00170358
0.0776047
0.0274871
0.0192198
0.096139
0.140725
0.0673353
0.0275519
0.0359482
0.0840763
0.0417193
0.0161147
0.0602166
0.0971861
0.0274816
0.0925038
0.00143785
0.14734
0.145428
0.0949461
0.133729
0.160099
0.153407
0.0924856
0.177698
0.0353909
0.0777372
0.139994
0.0189655
0.148555
0.0403898
0.0421352
0.107549
0.129677
0.176095
0.0770376
0.0326981
0.0343745
0.0778288
0.0459337
0.0252921
0.038287
0.0567424
0.0496535
0.0399245
0.0531904
0.0889766
0.0264837
0.148822
0.120788
0.0225654
0.0230059
0.0517743
0.0540134
0.126477
0.187358
0.135719
0.0327355
0.130083
0.0469324
0.0495331
0.165756
0.117003
0.0862967
0.0089335
0.0463246
0.0580878
0.0980671
0.0809889
0.05482
0.0815262
0.106939
0.0489306
0.161993
0.187489
0.082475
0.0727093
0.137441
0.0228222
0.135625
0.0591
0.0759399
0.0612797
0.176471
0.125261
0.0681966
0.0678659
0.184738
0.0823155
0.164609
0.0704377
0.05106
0.0729519
0.00655652
0.0127831
0.0983337
0.106657
0.0732713
0.148637
0.0773674
0.114388
0.0473998
0.041768
0.20649
0.0359807
0.0395678
0.0938988
0.118027
0.0598527
0.0173597
0.0994996
0.0321487
0.0203672
0.0156125
0.0695315
0.149437
0.164794
0.168042
0.017032
0.0985319
0.0872061
0.0508727
0.118773
0.123652
0.0880562
0.0361945
0.0653539
0.191355
0.0795025
0.0881081
0.134876
0.204794
0.162638
0.0663359
0.187285
0.00289968
0.0365335
0.0115739
0.153189
0.0315509
0.00190009
0.0345551
0.0516856
0.0265401
0.132337
0.135604
0.0313928
0.0312479
0.175256
0.0386648
0.00643782
0.102434
0.0373552
0.0367065
0.0345389
0.0917897
0.0582804
0.117178
0.106126
0.020964
0.0919266
0.0374965
0.102215
0.00842444
0.0245546
0.0627384
0.0771339
0.0355337
0.101203
0.0364241
0.157029
0.108985
0.204738
0.169141
0.134385
0.0398987
0.0535143
0.0404282
0.0525138
0.0416724
0.0903876
0.080558
0.205808
0.069504
0.0513964
0.0636473
0.0225337
0.188341
0.0570295
0.113474
0.103232
0.0257277
0.0954766
0.0602715
0.0329167
0.140025
0.182829
0.0204884
0.0237691
0.134116
0.0566955
0.0641146
0.0637216
0.0156283
0.0197093
0.0853365
0.156513
0.0444788
0.0159973
0.179752
0.0848568
0.0948615
0.0466634
0.00674974
0.111007
0.0958837
0.0865418
0.0579587
0.0172705
0.105499
0.0277073
0.188998
0.034709
0.0958319
0.00969642
0.0499987
0.0242271
0.0370952
0.0702598
0.129515
0.175402
0.170296
0.0554482
0.0393661
0.120087
0.192785
0.00726505
0.116598
0.0643933
0.0914607
0.0782992
0.0112268
0.131341
0.017829
0.0919391
0.0749872
0.146446
0.0380359
0.0666753
0.0988494
0.0587318
0.0337221
0.0562573
0.0900137
0.0600111
0.0100584
0.137495
0.0375872
0.179262
0.0678027
0.123256
0.116473
0.0387524
0.0801068
0.0566101
0.041149
0.0815793
0.149379
0.00785883
0.0964817
0.0371601
0.109237
0.0866478
0.0466538
0.0632455
0.0523131
0.110691
0.0200918
0.0733716
0.0469349
0.100597
0.0436707
0.0108043
0.132878
0.0988796
0.0767334
0.0532044
0.00866097
0.0183596
0.00722861
0.0574056
0.104665
0.148998
0.0920028
0.168977
0.0194438
0.124847
0.0807345
0.10627
0.0412243
0.0443704
0.0914475
0.0874817
0.00661436
0.061319
0.0605528
0.0543596
0.0355107
0.0880212
0.165614
0.0648837
0.0755981
0.00675439
0.0367723
0.00282104
0.0568924
0.0296518
0.0470028
0.0381092
0.0373605
0.115856
0.0895371
0.0743776
0.0750412
0.0264777
0.00338085
0.0661918
0.0264847
0.0536431
0.152708
0.138146
0.199271
0.00517231
0.100365
0.041475
0.126089
0.176627
0.0538069
0.130191
0.0342008
0.0239439
0.0590357
0.00705509
0.0128706
0.160191
0.111402
0.172238
0.0428016
0.151706
0.176521
0.0490054
0.0203896
0.0712503
0.0395055
0.0531833
0.037626
0.0139567
0.0747061
0.00096083
0.158284
0.0166155
0.0482669
0.0460041
0.0409517
0.0651421
0.0345224
0.0375914
0.078563
0.13909
0.155131
0.0115609
0.0756338
0.137148
0.0961138
0.00699753
0.0862266
0.147287
0.109173
0.111453
0.0453135
0.0855724
0.186888
0.125942
0.0846673
0.111315
0.0118134
0.00423458
0.109786
0.0258993
0.019702
0.119796
0.0291938
0.108857
0.0973807
0.0369309
0.0107208
0.125585
0.0799851
0.048961
0.110327
0.0613532
0.0686757
0.0203904
0.0209284
0.188459
0.0747741
0.0165036
0.0277791
0.0557325
0.0273927
0.0939846
0.0519626
0.0929051
0.0725911
0.0465387
0.0919598
0.0647526
0.092285
0.0341791
0.0867255
0.0964406
0.0586922
0.137897
0.143268
0.0895295
0.0538461
0.158598
0.0442551
0.0365271
0.0448239
0.0666347
0.0658642
0.0569874
0.0143569
0.0212041
0.0252552
0.0494004
0.089879
0.0245891
0.0872937
0.107385
0.0321203
0.0079923
0.0149483
0.190991
0.10488
0.215302
0.0167279
0.068202
0.0192322
0.0464014
0.0301879
0.0528238
0.0449219
0.0445996
0.113152
0.127217
0.0774466
0.141899
0.0864779
0.100629
0.0777926
0.0415019
0.106316
0.134819
0.108046
0.163612
0.0525568
0.0643438
0.0929224
0.0675836
0.157948
0.0837108
0.0988282
0.193631
0.021314
0.0852562
0.0687814
0.0153574
0.0670278
0.0701188
0.117462
0.0222926
0.010646
0.0477015
0.020336
0.0326468
0.143083
0.046815
0.0497233
0.0621793
0.0820741
0.140741
0.0504971
0.122163
0.15532
0.0649764
0.125419
0.0299818
0.0349911
0.0270524
0.0888096
0.0470455
0.0948754
0.0927794
0.10227
0.057785
0.0642452
0.0402464
0.0632812
0.105523
0.116485
0.0912395
0.0360535
0.127849
0.0473525
0.110779
0.120031
0.0595157
0.00300287
0.0528259
0.138714
0.00881512
0.144751
0.12218
0.0847352
0.0936694
0.152662
0.02134
0.119011
0.115826
0.0418271
0.015476
0.0137241
0.010044
0.0361709
0.0419943
0.079207
0.134976
0.136816
0.0803823
0.00925161
0.0826897
0.00644643
0.0650774
0.0508206
0.0868674
0.157106
0.107497
0.188127
0.0233279
0.0788206
0.21158
0.151676
0.00431124
0.10357
0.0199003
0.0588509
0.00483619
0.0901357
0.0861332
0.074116
0.199526
0.10131
0.0685133
0.0662277
0.133845
0.013059
0.104112
0.0956253
0.0519936
0.09621
0.0605961
0.128822
0.0851124
0.17376
0.0656667
0.143877
0.0171353
0.0457283
0.0409183
0.0282016
0.115359
0.149244
0.0877535
0.0405234
0.143228
0.0249304
0.184061
0.0246293
0.0483785
0.0657085
0.0909812
0.035977
0.0315642
0.0319436
0.113194
0.0179117
0.12875
0.150785
0.0744609
0.133685
0.0878011
0.0518761
0.120048
0.192991
0.0249591
0.105221
0.150081
0.0366921
0.0153507
0.0514056
0.0612712
0.109926
0.0770613
0.0244903
0.118087
0.0559652
0.0550528
0.0701357
0.056763
0.136869
0.075654
0.0117399
0.100706
0.0401237
0.102811
0.0528787
0.0391701
0.0916861
0.182795
0.114303
0.0912158
0.0331828
0.100226
0.0697966
0.0396886
0.0456296
0.156659
0.137505
0.0342165
0.0138978
0.126797
0.158063
0.0488824
0.168979
0.0492092
0.0487901
0.104349
0.0725775
0.0744712
0.0238076
0.121617
0.167135
0.0180069
0.132093
0.0284573
0.022068
0.0903108
0.0608978
0.0806511
0.0305784
0.0198504
0.0748155
0.0287876
0.0716889
0.0133439
0.00407833
0.063933
0.154891
0.186746
0.0248348
0.125137
0.131495
0.194828
0.142389
0.176347
0.108263
0.155218
0.0395138
0.0679063
0.164841
0.0740164
0.0225889
0.225972
0.0978292
0.0932109
0.0820271
0.0181947
0.0061376
0.184188
0.0459713
0.0535658
0.00970114
0.0579025
0.014526
0.0124338
0.133983
0.123816
0.0781222
0.0538435
0.0419982
0.020498
0.155228
0.100681
0.148606
0.0663817
0.00552981
0.0558324
0.140578
0.0118215
0.0457978
0.0400876
0.106179
0.00449834
0.125673
0.0854979
0.116285
0.147707
0.0644465
0.0100311
0.0337939
0.00563864
0.19383
0.0262173
0.0350712
0.0829885
0.0708373
0.0361816
0.0933909
0.15175
0.12501
0.0854967
0.00687616
0.134037
0.00652607
0.0912984
0.157786
0.0210614
0.125816
0.155444
0.175767
0.126424
0.0815488
0.125563
0.0159622
0.0669265
0.111373
0.0520213
0.187695
0.130432
0.16164
0.0943985
0.123725
0.0371655
0.0295963
0.0927603
0.0750286
0.121669
0.0695541
0.00520817
0.0703734
0.071011
0.0771197
0.0999639
0.079652
0.0844391
0.0197488
0.110932
0.0198204
0.15753
0.0385373
0.130709
0.01963
0.0735841
0.0872222
0.0610048
0.158601
0.0250543
0.0370163
0.0367105
0.0938702
0.0643743
0.0856639
0.0452665
0.0640143
0.0189487
0.0496325
0.108882
0.0474078
0.0631003
0.0896149
0.130803
0.0831968
0.113441
0.0711092
0.0699597
0.0352783
0.0537072
0.0231194
0.0443996
0.0967115
0.0566381
0.113408
0.109521
0.0332213
0.16905
0.0613457
0.063527
0.0634926
0.129644
0.140911
0.116984
0.135472
0.113045
0.0497531
0.185669
0.107695
0.0316149
0.0780255
0.170518
0.123232
0.108776
0.00743279
0.130311
0.0580383
0.131003
0.0878813
0.135159
0.155052
0.0523445
0.0658965
0.084728
0.0697963
0.0210141
0.0162001
0.0178817
0.0854841
0.0285362
0.0231092
0.049675
0.138001
0.0806267
0.109629
0.0545364
0.011895
0.0317631
0.0128959
0.0231097
0.123016
0.0770387
0.126343
0.0822995
0.114052
0.113099
0.0849272
0.104084
0.0692243
0.0664006
0.0559832
0.0430057
0.114825
0.116601
0.181198
0.0487659
0.0835349
0.0585806
0.06005
0.0236321
0.0767825
0.175011
0.0568224
0.0946235
0.0535765
0.0985936
0.139599
0.0301982
0.0626547
0.0645586
0.0382413
0.0661474
0.135623
0.0670939
0.0417912
0.0460318
0.0927592
0.168352
0.0960077
0.0498915
0.0073735
0.0137091
0.0594825
0.00766577
0.0667081
0.0493202
0.109428
0.123966
0.0513608
0.0596701
0.052849
0.0703076
0.0403216
0.0385699
0.128982
0.0212442
0.120996
0.155274
0.0555857
0.128468
0.109919
0.0225245
0.207268
0.053027
0.0798774
0.0210756
0.0738753
0.095796
0.0464281
0.0513214
0.104001
0.0382063
0.0793947
0.200408
0.134053
0.0106695
0.104916
0.0629998
0.107454
0.0967697
0.0756617
0.0542006
0.0836281
0.167831
0.0478448
0.137743
0.0725569
0.0359262
0.0998578
0.0207472
0.0464876
0.0227975
0.0876756
0.0532753
0.0844886
0.0732758
0.0718584
0.15645
0.0828399
0.109804
0.0335364
0.0501266
0.0349975
0.0117029
0.0669846
0.130165
0.031918
0.0793054
0.128882
0.0612136
0.10332
0.0343661
0.0520002
0.0919029
0.0595335
0.0179364
0.097823
0.0192245
0.0721255
0.153065
0.10945
0.214813
0.0758793
0.0128993
0.0553386
0.125106
0.0784422
0.115101
0.113455
0.0203799
0.0622657
0.0137032
0.0865371
0.186146
0.146852
0.0409336
0.0745173
0.0903161
0.0220924
0.044765
0.169535
0.113194
0.0406579
0.0123889
0.0219109
0.0685267
0.00731546
0.108162
0.0707596
0.106717
0.101195
0.174618
0.0093087
0.095343
0.181965
0.0607342
0.0623858
0.0372863
0.0565435
0.0746891
0.133874
0.0793905
0.0901502
0.0856613
0.0786751
0.108821
0.0127662
0.0238744
0.109369
0.059332
0.0267184
0.013164
0.0326763
0.141003
0.0187016
0.139455
0.0167794
0.124374
0.106772
0.0115163
0.00378595
0.0860893
0.0982062
0.0245251
0.0375032
0.140328
0.0467857
0.12689
0.118555
0.113167
0.0710686
0.076185
0.196462
0.112443
0.084601
0.0848441
0.120703
0.0410148
0.0813455
0.141465
0.103811
0.101258
0.149406
0.0669681
0.0647402
0.148575
0.164027
0.0246368
0.0338641
0.101942
0.0775975
0.0681297
0.0476658
0.19385
0.107135
0.0653045
0.0629088
0.14684
0.00681803
0.0497904
0.075073
0.135919
0.0457367
0.0112553
0.0214617
0.107355
0.0550629
0.00389267
0.0771043
0.00141019
0.112485
0.00685722
0.0475785
0.00170358
0.0776047
0.0274871
0.0192198
0.096139
0.140725
0.0673353
0.0275519
0.0359482
0.0840763
0.0417193
0.0161147
0.0602166
0.0971861
0.0274816
0.0925038
0.00143785
0.14734
0.145428
0.0949461
0.133729
0.160099
0.153407
0.0924856
0.177698
0.0353909
0.0777372
0.139994
0.0189655
0.148555
0.0403898
0.0421352
0.107549
0.129677
0.176095
0.0770376
0.0326981
0.0343745
0.0778288
0.0459337
0.0252921
0.038287
0.0567424
0.0496535
0.0399245
0.0531904
0.0889766
0.0264837
0.148822
0.120788
0.0225654
0.0230059
0.0517743
0.0540134
0.126477
0.187358
0.135719
0.0327355
0.130083
0.0469324
0.0495331
0.165756
0.117003
0.0862967
0.0089335
0.0463246
0.0580878
0.0980671
0.0809889
0.05482
0.0815262
0.106939
0.0489306
0.161993
0.187489
0.082475
0.0727093
0.137441
0.0228222
0.135625
0.0591
0.0759399
0.0612797
0.176471
0.125261
0.0681966
0.0678659
0.184738
0.0823155
0.164609
0.0704377
0.05106
0.0729519
0.00655652
0.0127831
0.0983337
0.106657
0.0732713
0.148637
0.0773674
0.114388
0.0473998
0.041768
0.20649
0.0359807
0.0395678
0.0938988
0.118027
0.0598527
0.0173597
0.0994996
0.0321487
0.0203672
0.0156125
0.0695315
0.149437
0.164794
0.168042
0.017032
0.0985319
0.0872061
0.0508727
0.118773
0.123652
0.0880562
0.0361945
0.0653539
0.191355
0.0795025
0.0881081
0.134876
0.204794
0.162638
0.0663359
0.187285
0.00289968
0.0365335
0.0115739
0.153189
0.0315509
0.00190009
0.0345551
0.0516856
0.0265401
0.132337
0.135604
0.0313928
0.0312479
0.175256
0.0386648
0.00643782
0.102434
0.0373552
0.0367065
0.0345389
0.0917897
0.0582804
0.117178
0.106126
0.020964
0.0919266
0.0374965
0.102215
0.00842444
0.0245546
0.0627384
0.0771339
0.0355337
0.101203
0.0364241
0.157029
0.108985
0.204738
0.169141
0.134385
0.0398987
0.0535143
0.0404282
0.0525138
0.0416724
0.0903876
0.080558
0.205808
0.069504
0.0513964
0.0636473
0.0225337
0.188341
0.0570295
0.113474
0.103232
0.0257277
0.0954766
0.0602715
0.0329167
0.140025
0.182829
0.0204884
0.0237691
0.134116
0.0566955
0.0641146
0.0637216
0.0156283
0.0197093
0.0853365
0.156513
0.0444788
0.0159973
0.179752
0.0848568
0.0948615
0.0466634
0.00674974
0.111007
0.0958837
0.0865418
0.0579587
0.0172705
0.105499
0.0277073
0.188998
0.034709
0.0958319
0.00969642
0.0499987
0.0242271
0.0370952
0.0702598
0.129515
0.175402
0.170296
0.0554482
0.0393661
0.120087
0.192785
0.00726505
0.116598
0.0643933
0.0914607
0.0782992
0.0112268
0.131341
0.017829
0.0919391
0.0749872
0.146446
0.0380359
0.0666753
0.0988494
0.0587318
0.0337221
0.0562573
0.0900137
0.0600111
0.0100584
0.137495
0.0375872
0.179262
0.0678027
0.123256
0.116473
0.0387524
0.0801068
0.0566101
0.041149
0.0815793
0.149379
0.00785883
0.0964817
0.0371601
0.109237
0.0866478
0.0466538
0.0632455
0.0523131
0.110691
0.0200918
0.0733716
0.0469349
0.100597
0.0436707
0.0108043
0.132878
0.0988796
0.0767334
0.0532044
0.00866097
0.0183596
0.00722861
0.0574056
0.104665
0.148998
0.0920028
0.168977
0.0194438
0.124847
0.0807345
0.10627
0.0412243
0.0443704
0.0914475
0.0874817
0.00661436
0.061319
0.0605528
0.0543596
0.0355107
0.0880212
0.165614
0.0648837
0.0755981
0.00675439
0.0367723
0.00282104
0.0568924
0.0296518
0.0470028
0.0528415
0.13936
0.137203
0.111919
0.0889864
0.0905067
0.149145
0.00705103
0.137295
0.0118517
0.113325
0.0433231
0.0914688
0.136094
0.0174044
0.0667361
0.192636
0.0549316
0.0374532
0.026336
0.0464619
0.0256665
0.0139143
0.0596829
0.0904616
0.0101889
0.17324
0.0671817
0.11941
0.0477887
0.0175448
0.0670524
0.156661
0.15536
0.0302114
0.134961
0.0334725
0.0400323
0.0517105
0.131762
0.0943095
0.160582
0.00607006
0.109545
0.0118275
0.181076
0.107371
0.0866549
0.0550015
0.0242358
0.067381
0.146037
0.0467765
0.0420913
0.162602
0.0544104
0.109717
0.0425819
0.0352691
0.124749
0.178424
0.0929578
0.035691
0.190502
0.0632535
0.0498857
0.0744781
0.0654396
0.0569419
0.0419271
0.100624
0.0417893
0.0304437
0.0811695
0.107818
0.0724062
0.0315381
0.0958926
0.196838
0.166641
0.0652211
0.0510637
0.0754756
0.138488
0.0866053
0.213535
0.0709106
0.119298
0.125632
0.0293994
0.0873034
0.0892431
0.0284546
0.215177
0.21144
0.0533283
0.0349394
0.0508523
0.105079
0.0834035
0.0973994
0.0202964
0.035958
0.137127
0.0930346
0
0.129974
0.00591891
0.130253
0.0361605
0.0340308
0.0544538
0.131417
0.0571613
0.0498828
0.0408355
0.189552
0.0100177
0.0812515
0.0413297
0.189805
0.114834
0.123121
0.0310219
0.0369994
0.0353672
0.108713
0.0604797
0.0210786
0.0419203
0.159153
0.0746124
0.061794
0.180413
0.0613836
0.0418541
0.0813212
0.109527
0.00833764
0.0367703
0.0430725
0.121106
0.00294596
0.0853434
0.0611398
0.0816417
0.112792
0.0530774
0.0153455
0.155507
0.0143174
0.171319
0.0321668
0.125142
0.0430258
0.0829875
0.00731183
0.0962531
0.07282
0.0245764
0.107366
0.0362446
0.0373695
0.0760487
0.0923338
0.0527549
0.134371
0.0503594
0.0264134
0.117669
0.0853313
0.0116584
0.0411556
0.113705
0.19557
0.0388197
0.12763
0.0290338
0.210705
0.0755206
0.0462919
0.076401
0.0212983
0.0327308
0.062363
0.0914855
0.0672918
0.132019
0.0407281
0.0954513
0.0781392
0.122135
0.130819
0.0647784
0.024952
0.0167794
0.0817953
0.191284
0.0462342
0.0367661
0.057626
0.0822791
0.160594
0.0519023
0.0230916
0.077512
0.0225748
0.0214466
0.123599
0.117871
0.0446491
0.0371722
0.0703299
0.110136
0.147269
0.054739
0.0713044
0.073884
0.104473
0.0678755
0.0159874
0.1536
0.120132
0.159335
0.0414434
0.088019
0.0700336
0.124869
0.136894
0.0817791
0.142281
0.0126831
0.116369
0.167458
0.113535
0.0538497
0.111314
0.0476477
0.164905
0.0767443
0.0724109
0.126358
0.0292584
0.142324
0.00700208
0.0637395
0.0662563
0.110696
0.037316
0.120728
0.0297647
0.217866
0.0181528
0.0945478
0.105845
0.0296675
0.157926
0.0962021
0.111469
0.0518098
0.00369057
0.0397988
0.0680106
0.10953
0.0645854
0.126367
0.134487
0.141892
0.0172248
0.00422012
0.0506765
0.0349603
0.177076
0.0677792
0.0959893
0.0427821
0.0330666
0.00408387
0.0118358
0.0352765
0.00778245
0.0249539
0.122121
0.0384745
0.0991189
0.0692302
0.0426828
0.055839
0.0196893
0.0435837
0.0982217
0.120181
0.028224
0.154823
0.0909954
0.157944
0.0222518
0.0521007
0.0975363
0.0303811
0.0257139
0.0665056
0.174961
0.0432356
0.0682047
0.168135
0.0538246
0.0925632
0.0861761
0.156343
0.153665
0.0282169
0.166175
0.187089
0.134257
0.0831822
0.098428
0.163472
0.056599
0.171055
0.131161
0.0522918
0.142776
0.0440611
0.0814525
0.0783057
0.0129393
0.193694
0.11103
0.0353648
0.10723
0.10254
0.0336976
0.123306
0.169662
0.0344472
0.0396492
0.0137556
0.134073
0.111384
0.000578733
0.0770168
0.134024
0.00728797
0.0127774
0.112239
0.0678403
0.0851536
0.0880243
0.0774419
0.00399964
0.0127574
0.0328869
0.0612542
0.139704
0.0995219
0.059065
0.14495
0.111398
0.207707
0.0933628
0.0474644
0.030144
0.0813565
0.0877212
0.0797817
0.0198392
0.0736697
0.051251
0.147717
0.0286633
0.0948842
0.145599
0.110443
0.0437068
0.104993
0.174611
0.0676945
0.0799952
0.167411
0.111939
0.0319506
0.0276607
0.00448528
0.0746421
0.02471
0.102291
0.117995
0.0663166
0.129242
0.0391898
0.0699913
0.134588
0.149618
0.156016
0.141934
0.0586378
0.018129
0.0191428
0.0137324
0.0692984
0.0784662
0.178731
0.121134
0.0595758
0.00234194
0.10028
0.0340871
0.0366401
0.0484312
0.0193635
0.141829
0.147396
0.0449745
0.149642
0.0636059
0.105612
0.110676
0.0628885
0.0608013
0.0162007
0.0034697
0.0161828
0.0164579
0.0843124
0.0261312
0.0699581
0.122833
0.117964
0.188324
0.171275
0.0410063
0.207575
0.0090403
0.040795
0.0499443
0.129961
0.0670337
0.12204
0.0488276
0.0965977
0.0603868
0.132328
0.011794
0.0335223
0.0206551
0.0463278
0.0206167
0.0907348
0.125312
0.0798776
0.0526563
0.0575753
0.0923657
0.0807525
0.0645844
0.00407096
0.186694
0.0417174
0.115468
0.0811194
0.134268
0.0916423
0.00047862
0.176243
0.190006
0.134918
0.0183257
0.00642953
0.0780997
0.0352629
0.080155
0.0981076
0.0212039
0.00969614
0.102446
0.0405715
0.121565
0.156524
0.0592047
0.147145
0.0543312
0.0612715
0.0900313
0.0264751
0.0220868
0.0426171
0.0496689
0.026124
0.112924
0.0647246
0.120993
0.0815297
0.0610919
0.059623
0.0250336
0.0208793
0.0331694
0.216254
0.0302198
0.0431533
0.13917
0.074621
0.134425
0.0424545
0.0100216
0.148545
0.00941604
0.132772
0.0019336
0.038636
0.0940707
0.102098
0.0404079
0.00667112
0.202211
0.0466037
0.0513074
0.153958
0.137982
0.0559495
0.103231
0.0335453
0.0732171
0.0357154
0.0476355
0.154455
0.118873
0.0782203
0.0514718
0.148777
0.0388786
0.0971315
0.0429107
0.165337
0.110364
0.129456
0.0647271
0.0139862
0.0464204
0.0518918
0.0575419
0.100666
0.0719466
0.162024
0.00335605
0.0413921
0.0181592
0.0640859
0.0307838
0.0610192
0.0234504
0.0757228
0.00296544
0.0668849
0.0228136
0.0375264
0.0862268
0.0620558
0.0599872
0.183464
0.0195774
0.0512577
0.0393353
0.00692055
0.0821718
0.0140699
0.163961
0.138763
0.0100731
0.106113
0.142412
0.120731
0.0325984
0.144402
0.0214195
0.0548714
0.00978367
0.11676
0.111293
0.067453
0.148809
0.185998
0.0846741
0.0382095
0.0630636
0.011975
0.070283
0.111848
0.126559
0.180674
0.0372804
0.0268973
0.0781806
0.0835491
0.107195
0.144374
0.0453619
0.0388794
0.0921839
0.120176
0.0585393
0.143769
0.159368
0.0263095
0.165552
0.0194592
0.108497
0.00379193
0.0430195
0.0690517
0.127314
0.0703648
0.0370747
0.0159961
0.028188
0.0649294
0.19705
0.138144
0.0492651
0.119604
0.0376952
0.0205222
0.137501
0.0697076
0.138513
0.0511272
0.0181271
0.0331507
0.00269735
0.0551503
0.0909366
0.0585364
0.176936
0.0998042
0.0406384
0.10873
0.0353506
0.0502886
0.16651
0.0303812
0.132893
0.0484994
0.110931
0.029071
0.223579
0.0949254
0.0759667
0.106554
0.0185672
0.040763
0.153026
0.124759
0.138638
0.145303
0.0205356
0.018943
0.00764132
0.179821
0.123968
0.112632
0.0499246
0.0164006
0.11009
0.170118
0.0727056
0.170946
0.0484066
0.016069
0.122699
0.149892
0.0432496
0.0434963
0.10168
0.0222231
0.0421192
0.00589958
0.16908
0.0532028
0.111379
0.12279
0.086939
0.0625746
0.050536
0.0442398
0.0401565
0.0385548
0.0104479
0.0234223
0.0582011
0.0747011
0.014783
0.119263
0.126774
0.0668609
0.0156752
0.0352801
0.110418
0.0151709
0.0184193
0.0128944
0.114722
0.0579816
0.0330119
0.0851852
0.0368854
0.05395
0.17633
0.119631
0.0672739
0.112475
0.0523371
0.018087
0.0137041
0.0469257
0.0715879
0.0490183
0.117499
0.0140798
0.17789
0.0971237
0.0169003
0.138194
0.0298686
0.036281
0.18855
0.0357307
0.139553
0.186004
0.0243399
0.129099
0.0509848
0.0713166
0.131398
0.039347
0.0154053
0.0632405
0.0822726
0.0582273
0.19755
0.0291793
0.010365
0.0401164
0.0151477
0.0584332
0.204809
0.0170499
0.145689
0.0764284
0.0736063
0.13539
0.0975925
0.0490358
0.00354778
0.18318
0.120428
0.0638115
0.00527692
0.0629295
0.00877398
0.0997772
0.0814586
0.0527254
0.14926
0.092307
0.107611
0.0691888
0.0289091
0.171469
0.00980069
0.130933
0.0603467
0.134421
0.00305418
0.0491462
0.0345817
0.0909582
0.029862
0.0137972
0.0664358
0.0880108
0.119549
0.0999859
0.00835736
0.150802
0.105119
0.118903
0.0605226
0.0106581
0.130418
0.0520556
0.00673969
0.122782
0.0401866
0.0875523
0.0182988
0.12746
0.166884
0.163047
0.116842
0.110051
0.0600515
0.159587
0.0246834
0.18194
0.0862763
0.0394373
0.19109
0.0504631
0.0526987
0.103763
0.0901256
0.0451471
0.158923
0.119109
0.0509253
0.17161
0.0612461
0.0587248
0.0943887
0.116847
0.0312343
0.0224793
0.0249933
0.0866152
0.114198
0.0365622
0.0419434
0.0117831
0.0298253
0.103974
0.0942109
0.0403953
0.0430293
0.0584543
0.171245
0.10272
0.0863166
0.102575
0.192275
0.0613148
0.110549
0.0310422
0.0154683
0
0.183606
0.0903039
0.122577
0.0876055
0.0460225
0.12473
0.0433144
0.0114236
0.11403
0.126817
0.121153
0.0616216
0.0136333
0.0727524
0.113579
0.165323
0.129867
0.0818071
0.113184
0.170931
0.0693932
0.116355
0.0585633
0.0154134
0.0411959
0.210232
0.0314388
0.100646
0.139867
0.152717
0.0346278
0.13135
0.16668
0.111993
0.0393661
0.0177846
0.0512433
0.0461162
0.000505852
0.0153422
0.0289521
0.11549
0.0892041
0.0337473
0.0194283
0.0646067
0.150464
0.0608572
0.163025
0.0124017
0.0203701
0.0256995
0.0741564
0.172672
0.0675286
0.0785737
0.0181259
0.0277045
0.176541
0.0717224
0.0951545
0.115882
0.0522986
0.0102226
0.0630182
0.135749
0.0323551
0.00410931
0.0123443
0.163009
0.0587876
0.03664
0.0836533
0.189685
0.0354301
0.109812
0.151422
0.0940832
0.0721576
0.162456
0.136906
0.200583
0.0502984
0.0219272
0.133017
0.126038
0.0674517
0.10113
0.0992559
0.121105
0.0826901
0.0462525
0.200848
0.0796065
0.025309
0.0617545
0.0443891
0.064211
0.0691992
0.0706733
0.0235467
0.029702
0.013027
0.068216
0.0543895
0.129394
0.0999018
0.0413064
0.0145437
0.04632
0.194515
0.0237351
0.0685647
0.0344419
0.062151
0.0143745
0.160831
0.125997
0.120718
0.141236
0.179897
0.078974
0.0241625
0.101013
0.0391818
0.0467913
0.0174023
0.120924
0.161247
0.0904393
0.0899759
0.0647593
0.0675377
0.0347682
0.0521732
0.0732598
0.0470045
0.145617
0.0759042
0.103518
0.135632
0.0507286
0.0821533
0.0388913
0.0314266
0.074632
0.0852308
0.0970635
0.0886539
0.0437051
0.0340313
0.0673104
0.0727691
0.208942
0.0676381
0.0506929
0.0916895
0.0255663
0.0457004
0.0189974
0.114054
0.121043
0.082487
0.160239
0.014992
0.169026
0.166855
0.1826
0.0270574
0.123951
0.0751394
0.00932414
0.0230706
0.15089
0.0184615
0.110629
0.0474334
0.111711
0.0513327
0.0970749
0.00687008
0.1456
0.0262695
0.0380696
0.169223
0.0504921
0.0570356
0.0942598
0.0466565
0.0773067
0.162103
0.0932225
0.0289953
0.0305732
0.0111315
0.125736
0.0865317
0.201678
0.0482764
0.0771583
0.00427026
0.0994076
0.0615965
0.184139
0.059364
0.0109854
0.0580072
0.0707237
0.0101343
0.0261815
0.0971548
0.0263291
0.106521
0.0162876
0.0985146
0.00757553
0.0386924
0.0758494
0.0317713
0.054963
0.023661
0.0594729
0.0302369
0.153083
0.0415038
0.106867
0.0409925
0.0507581
0.201197
0.0414949
0.051025
0.023798
0.184388
0.0667726
0.0893155
0.0475942
0.0977527
0.0401412
0.0408004
0.0241918
0.0300293
0.0297704
0.109713
0.0263614
0.157072
0.0373174
0.14516
0.0142459
