0.151812
0.150572
0.108664
0.00509483
0.101495
0.13408
0.0420728
0.0616374
0.112478
0.00445708
0.0230934
0.1218
0.0304206
0.12559
0.0595378
0.0394051
0.0338343
0.0712852
0.0346827
0.00997891
0.10158
0.0677046
0.148992
0.0328567
0.0133564
0.0509225
0.0113953
0.0214483
0.0864234
0.159615
0.121754
0.0767496
0.136682
0.112609
0.0670707
0.0475534
0.101394
0.100359
0.218597
0.135085
0.0233751
0.0354657
0.215167
0.119607
0.157935
0.0967613
0.108245
0.0280088
0.081657
0.0581843
0.0142698
0.0952383
0.125909
0.173494
0.118583
0.113367
0.104579
0.0352752
0.027378
0.0190889
0.0349952
0.164329
0.0327096
0.0919955
0.022939
0.0731518
0.139579
0.0339182
0.0485475
0.143771
0.0456726
0.167236
0.0475012
0.129246
0.0715373
0.060739
0.201495
0.0595361
0.0246044
0.0184804
0.0578654
0.0261296
0.144203
0.0481398
0.112435
0.0533188
0.165467
0.0738693
0.128905
0.0364682
0.0886752
0.0066962
0.0762337
0.122999
0.191375
0.0200994
0.0172446
0.143202
0.126969
0.0768095
0.106026
0.0165259
0.054985
0.114338
0.165077
0.0449624
0.00556023
0.123918
0.00862102
0.017601
0.111435
0.13831
0.113186
0.0223041
0.17897
0.171871
0.0121882
0.182493
0.0741592
0.0895341
0.185441
0.064249
0.140876
0.0215161
0.0327458
0.121521
0.108411
0.199261
0.0379313
0.0587754
0.0368234
0.133485
0.0556889
0.0197933
0.0110244
0.115104
0.12103
0.0895786
0.143337
0.184132
0.0433116
0.0160876
0.0107035
0.0124421
0.146624
0.0228077
0.00372954
0.064827
0.0289426
0.097453
0.139127
0.116186
0.0847418
0.143409
0.1172
0.100243
0.112867
0.0757354
0.0256304
0.187365
0.0610981
0.0307688
0.094108
0.0514006
0.0743693
0.0581083
0.0329862
0.0392063
0.0829876
0.0624087
0.0247103
0.0962299
0.0546675
0.0679642
0.0352721
0.042757
0.0146459
0.0906677
0.0571589
0.179603
0.0861698
0.112375
0.116214
0.0368877
0.00496824
0.0636924
0.0424011
0.0535538
0.0319448
0.0331491
0.00328958
0.0823621
0.140332
0.0724247
0.0759892
0.092289
0.0852797
0.118335
0.139526
0.124174
0.0433945
0.117978
0.10745
0.0877502
0.0867343
0.0261278
0.107983
0.0530753
0.0732101
0.0449917
0.224343
0.196384
0.0119854
0.0278047
0.0228632
0.125423
0.0842394
0.116287
0.0436588
0.165364
0.10656
0.119884
0.121863
0.0609642
0.0541495
0.0409194
0.0298972
0.103976
0.0995143
0.0504841
0.0454289
0.0549806
0.147498
0.0446607
0.102368
0.05358
0.0423331
0.192293
0.132159
0.0373548
0.0916552
0.157482
0.0691107
0.0223601
0.0792172
0.211814
0.109174
0.0757808
0.0141425
0.0739284
0.114294
0.128771
0.113539
0.130724
0.0740492
0.0458844
0.0217865
0.0129432
0.146925
0.0104582
0.0217665
0.0626628
0.0830012
0.184169
0.116192
0.0393684
0.013882
0.158564
0.0503788
0.0777608
0.0308826
0.0576527
0.161422
0.0097661
0.0348838
0.13072
0.0930626
0.0530146
0.0190821
0.192069
0.123018
0.048139
0.0114826
0.065269
0.0459875
0.0533036
0.121874
0.0278637
0.0662527
0.0326335
0.114767
0.0969245
0.0267181
0.118568
0.0131044
0.105456
0.0923092
0.150908
0.0983068
0.0669939
0.165504
0.0338068
0.110185
0.0292618
0.0965981
0.0674964
0.0785054
0.157879
0.162081
0.185834
0.0490335
0.022805
0.111269
0.0682577
0.112223
0.0877147
0.146786
0.148521
0.0191785
0.0169551
0.112829
0.0756278
0.093681
0.141848
0.0777313
0.00488834
0.0302594
0.033966
0.0765603
0.0145068
0.0698372
0.127072
0.0754081
0.0202816
0.136816
0.0422207
0.0209685
0.0497886
0.0775855
0.048938
0.126746
0.0485341
0.0633612
0.0754221
0.0129914
0.164733
0.0466389
0.134153
0.0742215
0.132183
0.122141
0.073936
0.147128
0.127851
0.020985
0.067224
0.0805966
0.129058
0.130765
0.0305199
0.0261544
0.140465
0.0117152
0.130278
0.018435
0.0826043
0.126644
0.0735976
0.0573538
0.0389309
0.129969
0.0648867
0.023144
0.128646
0.131553
0.106395
0.187389
0.0182777
0.0166963
0.0413918
0.130294
0.206194
0.0540158
0.0993816
0.143664
0.0643016
0.21881
0.0422326
0.0231596
0.128786
0.0600619
0.0153904
0.0347264
0.0961144
0.111913
0.165197
0.0492251
0.0423375
0.0559165
0.0500824
0.034357
0.0374088
0.0153991
0.00963947
0.0571547
0.0959158
0.032835
0.0592809
0.0191493
0.156413
0.104589
0.0258784
0.0122351
0.0208868
0.202643
0.179654
0.110934
0.142889
0.112421
0.0689216
0.123915
0.117637
0.0434697
0.0744026
0.0571322
0.0546392
0.125749
0.136945
0.121004
0.0190626
0.0575931
0.0241627
0.127175
0.0661659
0.0316585
0.0462738
0.217614
0.0926455
0.0572521
0.0435844
0.0236066
0.0628869
0.0994969
0.051171
0.110304
0.131791
0.0704033
0.0515963
0.145192
0.105437
0.0743475
0.0351798
0.00638401
0.143133
0.211245
0.0257018
0.0456048
0.0762213
0.135685
0.0435543
0.0126592
0.0890335
0.0219704
0.00628725
0.00466271
0.0400916
0.0698371
0.158088
0.0575455
0.00203292
0.185424
0.0355541
0.0270086
0.124017
0.11788
0.0902724
0.00444067
0.189047
0.0688261
0.0264552
0.0690752
0.102984
0.216207
0.1417
0.183218
0.153485
0.0397915
0.115547
0.0783929
0.00366061
0.0334299
0.0727978
0.0556387
0.13624
0.0979345
0.0789229
0.0944771
0.0545873
0.205461
0.0471537
0.0657544
0.0357285
0.0632557
0.00488905
0.1358
0.20031
0.0431311
0.101789
0.114901
0.0990371
0.166775
0.029616
0.133165
0.160361
0.0751563
0.0931725
0.0541191
0.0908087
0.176949
0.120091
0.118003
0.191666
0.137866
0.0447112
0.153899
0.0485228
0.0286408
0.114601
0.146117
0.147578
0.0569414
0.22402
0.0524028
0.00807017
0.0611912
0.064753
0.162918
0.0498724
0.0329134
0.0627967
0.160477
0.0468433
0.0832661
0.044795
0.0420537
0.0949922
0.0618919
0.0289004
0.0826227
0.0312165
0.0762376
0.116858
0.079123
0.02619
0.15265
0.145399
0.0842685
0.11699
0.0657416
0.00841675
0.16887
0.0434812
0.00827925
0.140183
0.139436
0.101916
0.0340607
0.20254
0.162244
0.0075792
0.103707
0.0125803
0.0336029
0.0905189
0.0143763
0.124108
0.0195721
0.13946
0.0318849
0.105239
0.0628153
0.090596
0.0468887
0.0222065
0.0606256
0.0266492
0.0568282
0.104706
0.136747
0.0880677
0.0571931
0.12837
0.119074
0.0140471
0.0296008
0.118691
0.0279807
0.0507084
0.0620171
0.0601009
0.0221945
0.161594
0.111021
0.0834006
0.0701191
0.155978
0.0185765
0.0153803
0.0240931
0.0318688
0.102164
0.109493
0.153389
0.13536
0.113958
0.074423
0.139939
0.0751177
0.013201
0.00291789
0.141453
0.0412095
0.0709687
0.0110375
0.0199008
0.0188709
0.1392
0.00985309
0.0394397
0.0328836
0.114465
0.0855068
0.0946904
0.0153564
0.0389141
0.0723222
0.109073
0.0797854
0.0783486
0.118164
0.120092
0.071044
0.0612592
0.0760926
0.0318988
0.177081
0.0901108
0.0148715
0.0957928
0.0461195
0.0565193
0.0631918
0.0389737
0.0402797
0.165536
0.106295
0.0440627
0.0497081
0.0924324
0.0728676
0.0429599
0.0511608
0.00555826
0.0670231
0.191887
0.0251982
0.0559695
0.0106667
0.0141604
0.0385232
0.0294918
0.0453714
0.119363
0.171781
0.0365356
0.0558542
0.0332735
0.183106
0.0486103
0.0434546
0.0465252
0.0626858
0.167715
0.025321
0.0195799
0.0250357
0.0929524
0.0371493
0.1947
0.0987061
0.0899885
0.0128702
0.018707
0.0963731
0.0531692
0.12217
0.0203036
0.141249
0.0931097
0.0646696
0.154986
0.0467128
0.0846037
0.0199484
0.0686399
0.179396
0.0283931
0.151601
0.0808755
0.0858386
0.0373568
0.0549287
0.10952
0.0617011
0.20193
0.215376
0.0144882
0.0159643
0.0485993
0.0158982
0.0759336
0.0991831
0.142773
0.0573681
0.0994406
0.106355
0.0290486
0.0213963
0.0361943
0.0797151
0.141716
0.13161
0.0311528
0.00112705
0.0173781
0.0208446
0.0454848
0.0188577
0.0883217
0.0494676
0.0706311
0.0931736
0.010225
0.130489
0.0654736
0.0167966
0.0444457
0.0932887
0.0737449
0.194137
0.0846085
0.178174
0.00390184
0.0921728
0.200274
0.056688
0.139347
0.111448
0.0375104
0.0350242
0.168136
0.117638
0.0856771
0.0147822
0.0704615
0.0760722
0.160703
0.0705196
0.0717288
0.0660189
0.0303735
0.133274
0.113294
0.153929
0.0476489
0.0714586
0.0737229
0.029056
0.11932
0.0406917
0.106466
0.0925387
0.109403
0.0164169
0.101756
0.0495524
0.0192464
0.121284
0.098815
0.122346
0.0274515
0.0460676
0.027737
0.0357394
0.0321269
0.046708
0.0862152
0.0117134
0.0287883
0.0661075
0.0242685
0.0232549
0.0941698
0.10866
0.0144088
0.190706
0.121265
0.0867497
0.141089
0.00522928
0.127295
0.119588
0.0309652
0.034703
0.0741401
0.0785147
0.0542246
0.166232
0.157469
0.0100333
0.0595652
0.0606174
0.111313
0.159181
0.137491
0.201512
0.090157
0.074773
0.188314
0.0412474
0.0686916
0.0651524
0.0430568
0.0891577
0.155458
0.0571695
0.0725661
0.00871789
0.16902
0.0389707
0.0805119
0.0257071
0.115427
0.0791814
0.00409432
0.074524
0.200061
0.00670149
0.0943064
0.0357296
0.13953
0.156067
0.0521369
0.190533
0.151276
0.0365334
0.0943998
0.111255
0.128716
0.137002
0.0425713
0.154994
0.0445867
0.0486904
0.0467028
0.100706
0.0862803
0.0520943
0.0158938
0.184364
0.11351
0.0885137
0.0762879
0.0442337
0.0202014
0.0717074
0.126058
0.158246
0.0277904
0.0337666
0.0719082
0.0690487
0.126355
0.117624
0.106804
0.121767
0.195694
0.149913
0.134978
0.124512
0.0906473
0.139089
0.116781
0.0441178
0.134181
0.0833406
0.0672604
0.0274438
0.0643379
0.120119
0.0755178
0.0125346
0.061182
0.210311
0.0235194
0.0274899
0.0221121
0.126611
0.0905153
0.0445658
0.147315
0.0426602
0.0322997
0.0223466
0.129906
0.0925272
0.0784893
0.0390043
0.0344527
0.0648542
0.0501519
0.161939
0.177393
0.0167231
0.116171
0.0912807
0.0493142
0.0620013
0.005658
0.0185714
0.132009
0.0819569
0.0382478
0.156231
0.0619554
0.0327017
0.145238
0.0603184
0.149882
0.0867894
0.102215
0.0608784
0.128975
0.0814663
0.0332636
0.0796621
0.0638266
0.0535413
0.0803165
0.177981
0.0580518
0.121805
0.0811186
0.0258418
0.0666316
0.0601918
0.0897547
0.0401986
0.0689158
0.0101817
0.0387044
0.0302889
0.0945252
0.0828258
0.104913
0.0893801
0.131112
0.122026
0.0695648
0.0485351
0.0194071
0.025403
0.0552692
0.0506225
0.115836
0.00595688
0.148372
0.0331832
0.0485992
0.119721
0.073525
0.123768
0.108405
0.100269
0.0138265
0.0972727
0.0819421
0.0178614
0.0532399
0.0141914
0.189927
0.0846115
0.102986
0.11049
0.0243659
0.0526611
0.0784467
0.116685
0.0657737
0.14265
0.087916
0.00644796
0.142588
0.0599131
0.0573396
0.0287801
0.0719501
0.0718842
0.120718
0.104512
0.116739
0.110394
0.166187
0.0823165
0.0069658
0.00845187
0.0220366
0.191713
0.100202
0.0742999
0.0453995
0.0394687
0.0188967
0.0723684
0.117017
0.101547
0.123494
0.0664578
0.105584
0.0552624
0.0844597
0.180233
0.0486452
0.0970434
0.0130462
0.0319506
0.0382658
0.0882227
0.0326456
0.0853541
0.170921
0.0755611
0.00640188
0.0938385
0.0221105
0.192787
0.0671648
0.0805321
0.096484
0.0406037
0.0609083
0.0261527
0.036078
0.122239
0.0834978
0.111608
0.0837773
0.0494808
0.0165591
0.0391291
0.0842116
0.0712174
0.0390494
0.0219662
0.0089205
0.139705
0.0369135
0.0500303
0.0220299
0.0536375
0.0834853
0.0834726
0.195963
0.0778111
0.05055
0.118515
0.0645505
0.10083
0.0924662
0.0838351
0.0715987
0.203098
0.0959088
0.11991
0.053625
0.174075
0.0881092
0.0839954
0.0922095
0.0393153
0.0935892
0.0338951
0.0716563
0.157258
0.0506454
0.0767369
0.128474
0.0586308
0.0373843
0.0247506
0.0530161
0.129016
0.0952185
0.0590655
0.0840934
0.0615493
0.00107813
0.160371
0.0983841
0.15275
0.151812
0.150572
0.108664
0.00509483
0.101495
0.13408
0.0420728
0.0616374
0.112478
0.00445708
0.0230934
0.1218
0.0304206
0.12559
0.0595378
0.0394051
0.0338343
0.0712852
0.0346827
0.00997891
0.10158
0.0677046
0.148992
0.0328567
0.0133564
0.0509225
0.0113953
0.0214483
0.0864234
0.159615
0.121754
0.0767496
0.136682
0.112609
0.0670707
0.0475534
0.101394
0.100359
0.218597
0.135085
0.0233751
0.0354657
0.215167
0.119607
0.157935
0.0967613
0.108245
0.0280088
0.081657
0.0581843
0.0142698
0.0952383
0.125909
0.173494
0.118583
0.113367
0.104579
0.0352752
0.027378
0.0190889
0.0349952
0.164329
0.0327096
0.0919955
0.022939
0.0731518
0.139579
0.0339182
0.0485475
0.143771
0.0456726
0.167236
0.0475012
0.129246
0.0715373
0.060739
0.201495
0.0595361
0.0246044
0.0184804
0.0578654
0.0261296
0.144203
0.0481398
0.112435
0.0533188
0.165467
0.0738693
0.128905
0.0364682
0.0886752
0.0066962
0.0762337
0.122999
0.191375
0.0200994
0.0172446
0.143202
0.126969
0.0768095
0.106026
0.0165259
0.054985
0.114338
0.165077
0.0449624
0.00556023
0.123918
0.00862102
0.017601
0.111435
0.13831
0.113186
0.0223041
0.17897
0.171871
0.0121882
0.182493
0.0741592
0.0895341
0.185441
0.064249
0.140876
0.0215161
0.0327458
0.121521
0.108411
0.199261
0.0379313
0.0587754
0.0368234
0.133485
0.0556889
0.0197933
0.0110244
0.115104
0.12103
0.0895786
0.143337
0.184132
0.0433116
0.0160876
0.0107035
0.0124421
0.146624
0.0228077
0.00372954
0.064827
0.0289426
0.097453
0.139127
0.116186
0.0847418
0.143409
0.1172
0.100243
0.112867
0.0757354
0.0256304
0.187365
0.0610981
0.0307688
0.094108
0.0514006
0.0743693
0.0581083
0.0329862
0.0392063
0.0829876
0.0624087
0.0247103
0.0962299
0.0546675
0.0679642
0.0352721
0.042757
0.0146459
0.0906677
0.0571589
0.179603
0.0861698
0.112375
0.116214
0.0368877
0.00496824
0.0636924
0.0424011
0.0535538
0.0319448
0.0331491
0.00328958
0.0823621
0.140332
0.0724247
0.0759892
0.092289
0.0852797
0.118335
0.139526
0.124174
0.0433945
0.117978
0.10745
0.0877502
0.0867343
0.0261278
0.107983
0.0530753
0.0732101
0.0449917
0.224343
0.196384
0.0119854
0.0278047
0.0228632
0.125423
0.0842394
0.116287
0.0436588
0.165364
0.10656
0.119884
0.121863
0.0609642
0.0541495
0.0409194
0.0298972
0.103976
0.0995143
0.0504841
0.0454289
0.0549806
0.147498
0.0446607
0.102368
0.05358
0.0423331
0.192293
0.132159
0.0373548
0.0916552
0.157482
0.0691107
0.0223601
0.0792172
0.211814
0.109174
0.0757808
0.0141425
0.0739284
0.114294
0.128771
0.113539
0.130724
0.0740492
0.0458844
0.0217865
0.0129432
0.146925
0.0104582
0.0217665
0.0626628
0.0830012
0.184169
0.116192
0.0393684
0.013882
0.158564
0.0503788
0.0777608
0.0308826
0.0576527
0.161422
0.0097661
0.0348838
0.13072
0.0930626
0.0530146
0.0190821
0.192069
0.123018
0.048139
0.0114826
0.065269
0.0459875
0.0533036
0.121874
0.0278637
0.0662527
0.0326335
0.114767
0.0969245
0.0267181
0.118568
0.0131044
0.105456
0.0923092
0.150908
0.0983068
0.0669939
0.165504
0.0338068
0.110185
0.0292618
0.0965981
0.0674964
0.0785054
0.157879
0.162081
0.185834
0.0490335
0.022805
0.111269
0.0682577
0.112223
0.0877147
0.146786
0.148521
0.0191785
0.0169551
0.112829
0.0756278
0.093681
0.141848
0.0777313
0.00488834
0.0302594
0.033966
0.0765603
0.0145068
0.0698372
0.127072
0.0754081
0.0202816
0.136816
0.0422207
0.0209685
0.0497886
0.0775855
0.048938
0.126746
0.0485341
0.0633612
0.0754221
0.0129914
0.164733
0.0466389
0.134153
0.0742215
0.132183
0.122141
0.073936
0.147128
0.127851
0.020985
0.067224
0.0805966
0.129058
0.130765
0.0305199
0.0261544
0.140465
0.0117152
0.130278
0.018435
0.0826043
0.126644
0.0735976
0.0573538
0.0389309
0.129969
0.0648867
0.023144
0.128646
0.131553
0.106395
0.187389
0.0182777
0.0166963
0.0413918
0.130294
0.206194
0.0540158
0.0993816
0.143664
0.0643016
0.21881
0.0422326
0.0231596
0.128786
0.0600619
0.0153904
0.0347264
0.0961144
0.111913
0.165197
0.0492251
0.0423375
0.0559165
0.0500824
0.034357
0.0374088
0.0153991
0.00963947
0.0571547
0.0959158
0.032835
0.0592809
0.0191493
0.156413
0.104589
0.0258784
0.0122351
0.0208868
0.202643
0.179654
0.110934
0.142889
0.112421
0.0689216
0.123915
0.117637
0.0434697
0.0744026
0.0571322
0.0546392
0.125749
0.136945
0.121004
0.0190626
0.0575931
0.0241627
0.127175
0.0661659
0.0316585
0.0462738
0.217614
0.0926455
0.0572521
0.0435844
0.0236066
0.0628869
0.0994969
0.051171
0.110304
0.131791
0.0704033
0.0515963
0.145192
0.105437
0.0743475
0.0351798
0.00638401
0.143133
0.211245
0.0257018
0.0456048
0.0762213
0.135685
0.0435543
0.0126592
0.0890335
0.0219704
0.00628725
0.00466271
0.0400916
0.0698371
0.158088
0.0575455
0.00203292
0.185424
0.0355541
0.0270086
0.124017
0.11788
0.0902724
0.00444067
0.189047
0.0688261
0.0264552
0.0690752
0.102984
0.216207
0.1417
0.183218
0.153485
0.0397915
0.115547
0.0783929
0.00366061
0.0334299
0.0727978
0.0556387
0.13624
0.0979345
0.0789229
0.0944771
0.0545873
0.205461
0.0471537
0.0657544
0.0357285
0.0632557
0.00488905
0.1358
0.20031
0.0431311
0.101789
0.114901
0.0990371
0.166775
0.029616
0.133165
0.160361
0.0751563
0.0931725
0.0541191
0.0908087
0.176949
0.120091
0.118003
0.191666
0.137866
0.0447112
0.153899
0.0485228
0.0286408
0.114601
0.146117
0.147578
0.0569414
0.22402
0.0524028
0.00807017
0.0611912
0.064753
0.162918
0.0498724
0.0329134
0.0627967
0.160477
0.0468433
0.0832661
0.044795
0.0420537
0.0949922
0.0618919
0.0289004
0.0826227
0.0312165
0.0762376
0.116858
0.079123
0.02619
0.15265
0.145399
0.0842685
0.11699
0.0657416
0.00841675
0.16887
0.0434812
0.00827925
0.140183
0.139436
0.101916
0.0340607
0.20254
0.162244
0.0075792
0.103707
0.0125803
0.0336029
0.0905189
0.0143763
0.124108
0.0195721
0.13946
0.0318849
0.105239
0.0628153
0.090596
0.0468887
0.0222065
0.0606256
0.0266492
0.0568282
0.104706
0.136747
0.0880677
0.0571931
0.12837
0.119074
0.0140471
0.0296008
0.118691
0.0279807
0.0507084
0.0620171
0.0601009
0.0221945
0.161594
0.111021
0.0834006
0.0701191
0.155978
0.0185765
0.0153803
0.0240931
0.0318688
0.102164
0.109493
0.153389
0.13536
0.113958
0.074423
0.139939
0.0751177
0.013201
0.00291789
0.141453
0.0412095
0.0709687
0.0110375
0.0199008
0.0188709
0.1392
0.00985309
0.0394397
0.0328836
0.114465
0.0855068
0.0946904
0.0153564
0.0389141
0.0723222
0.109073
0.0797854
0.0783486
0.118164
0.120092
0.071044
0.0612592
0.0760926
0.0318988
0.177081
0.0901108
0.0148715
0.0957928
0.0461195
0.0565193
0.0631918
0.0389737
0.0402797
0.165536
0.106295
0.0440627
0.0497081
0.0924324
0.0728676
0.0429599
0.0511608
0.00555826
0.0670231
0.191887
0.0251982
0.0559695
0.0106667
0.0141604
0.0385232
0.0294918
0.0453714
0.119363
0.171781
0.0365356
0.0558542
0.0332735
0.183106
0.0486103
0.0434546
0.0465252
0.0626858
0.167715
0.025321
0.0195799
0.0250357
0.0929524
0.0371493
0.1947
0.0987061
0.0899885
0.0128702
0.018707
0.0963731
0.0531692
0.12217
0.0203036
0.141249
0.0931097
0.0646696
0.154986
0.0467128
0.0846037
0.0199484
0.0686399
0.179396
0.0283931
0.151601
0.0808755
0.0858386
0.0373568
0.0549287
0.10952
0.0617011
0.20193
0.215376
0.0144882
0.0159643
0.0485993
0.0158982
0.0759336
0.0991831
0.142773
0.0573681
0.0994406
0.106355
0.0290486
0.0213963
0.0361943
0.0797151
0.141716
0.13161
0.0311528
0.00112705
0.0173781
0.0208446
0.0454848
0.0188577
0.0883217
0.0494676
0.0706311
0.0931736
0.010225
0.130489
0.0654736
0.0167966
0.0444457
0.0932887
0.0737449
0.194137
0.0846085
0.178174
0.00390184
0.0921728
0.200274
0.056688
0.139347
0.111448
0.0375104
0.0350242
0.168136
0.117638
0.0856771
0.0147822
0.0704615
0.0760722
0.160703
0.0705196
0.0717288
0.0660189
0.0303735
0.133274
0.113294
0.153929
0.0476489
0.0714586
0.0737229
0.029056
0.11932
0.0406917
0.106466
0.0925387
0.109403
0.0164169
0.101756
0.0495524
0.0192464
0.121284
0.098815
0.122346
0.0274515
0.0460676
0.027737
0.0357394
0.0321269
0.046708
0.0862152
0.0117134
0.0287883
0.0661075
0.0242685
0.0232549
0.0941698
0.10866
0.0144088
0.190706
0.121265
0.0867497
0.141089
0.00522928
0.127295
0.119588
0.0309652
0.034703
0.0741401
0.0785147
0.0542246
0.166232
0.157469
0.0100333
0.0595652
0.0606174
0.111313
0.159181
0.137491
0.201512
0.090157
0.074773
0.188314
0.0412474
0.0686916
0.0651524
0.0430568
0.0891577
0.155458
0.0571695
0.0725661
0.00871789
0.16902
0.0389707
0.0805119
0.0257071
0.115427
0.0791814
0.00409432
0.074524
0.200061
0.00670149
0.0943064
0.0357296
0.13953
0.156067
0.0521369
0.190533
0.151276
0.0365334
0.0943998
0.111255
0.128716
0.137002
0.0425713
0.154994
0.0445867
0.0486904
0.0467028
0.100706
0.0862803
0.0520943
0.0158938
0.184364
0.11351
0.0885137
0.0762879
0.0442337
0.0202014
0.0717074
0.126058
0.158246
0.0277904
0.0337666
0.0719082
0.0690487
0.126355
0.117624
0.106804
0.121767
0.195694
0.149913
0.134978
0.124512
0.0906473
0.139089
0.116781
0.0441178
0.134181
0.0833406
0.0672604
0.0274438
0.0643379
0.120119
0.0755178
0.0125346
0.061182
0.210311
0.0235194
0.0274899
0.0221121
0.126611
0.0905153
0.0445658
0.147315
0.0426602
0.0322997
0.0223466
0.129906
0.0925272
0.0784893
0.0390043
0.0344527
0.0648542
0.0501519
0.161939
0.177393
0.0167231
0.116171
0.0912807
0.0493142
0.0620013
0.005658
0.0185714
0.132009
0.0819569
0.0382478
0.156231
0.0619554
0.0327017
0.145238
0.0603184
0.149882
0.0867894
0.102215
0.0608784
0.128975
0.0814663
0.0332636
0.0796621
0.0638266
0.0535413
0.0803165
0.177981
0.0580518
0.121805
0.0811186
0.0258418
0.0666316
0.0601918
0.0897547
0.0401986
0.0689158
0.0101817
0.0387044
0.0302889
0.0945252
0.0828258
0.104913
0.0893801
0.131112
0.122026
0.0695648
0.0485351
0.0194071
0.025403
0.0552692
0.0506225
0.115836
0.00595688
0.148372
0.0331832
0.0485992
0.119721
0.073525
0.123768
0.108405
0.100269
0.0138265
0.0972727
0.0819421
0.0178614
0.0532399
0.0141914
0.189927
0.0846115
0.102986
0.11049
0.0243659
0.0526611
0.0784467
0.116685
0.0657737
0.14265
0.087916
0.00644796
0.142588
0.0599131
0.0573396
0.0287801
0.0719501
0.0718842
0.120718
0.104512
0.116739
0.110394
0.166187
0.0823165
0.0069658
0.00845187
0.0220366
0.191713
0.100202
0.0742999
0.0453995
0.0394687
0.0188967
0.0723684
0.117017
0.101547
0.123494
0.0664578
0.105584
0.0552624
0.0844597
0.180233
0.0486452
0.0970434
0.0130462
0.0319506
0.0382658
0.0882227
0.0326456
0.0853541
0.170921
0.0755611
0.00640188
0.0938385
0.0221105
0.192787
0.0671648
0.0805321
0.096484
0.0406037
0.0609083
0.0261527
0.036078
0.122239
0.0834978
0.111608
0.0837773
0.0494808
0.0165591
0.0391291
0.0842116
0.0712174
0.0390494
0.0219662
0.0089205
0.139705
0.0369135
0.0500303
0.0220299
0.0536375
0.0834853
0.0834726
0.195963
0.0778111
0.05055
0.118515
0.0645505
0.10083
0.0924662
0.0838351
0.0715987
0.203098
0.0959088
0.11991
0.053625
0.174075
0.0881092
0.0839954
0.0922095
0.0393153
0.0935892
0.0338951
0.0716563
0.157258
0.0506454
0.0767369
0.128474
0.0586308
0.0373843
0.0247506
0.0530161
0.129016
0.0952185
0.0590655
0.0840934
0.0615493
0.00107813
0.160371
0.0983841
0.15275
0.131188
0.0812813
0.146899
0.0183832
0.0189789
0.0261744
0.0945459
0.0813039
0.0574398
0.114804
0.0465642
0.0601602
0.034446
0.0530147
0.0759319
0.15267
0.0586667
0.159321
0.0338492
0.0543038
0.0954751
0.178895
0.110691
0.0429837
0.0315986
0.110073
0.173577
0.107734
0.0169178
0.183367
0.0239393
0.118714
0.054147
0.0430338
0.119837
0.0361201
0.154692
0.0460579
0.00912206
0.0898162
0.122119
0.00806998
0.149314
0.0739791
0.0626576
0.123358
0.150867
0.0930409
0.0497964
0.0998653
0.0436436
0.153265
0.0535362
0.15453
0.066098
0.129572
0.0221221
0.0968993
0.0669449
0.196055
0.11726
0.0446228
0.115857
0.0759041
0.0616218
0.071152
0.0106036
0.0734046
0.0258622
0.0932933
0.0870005
0.0464495
0.0639753
0.0618558
0.150022
0.145696
0.0277417
0.0248218
0.181464
0.0263092
0.0607125
0.138252
0.0534171
0.0515288
0.0669337
0.0439619
0.035917
0.12311
0.102469
0.0867364
0.0220216
0.0252063
0.0517851
0.0788242
0.0829005
0.18755
0.112452
0.0360009
0.0484617
0.0912102
0.0898816
0.0231042
0.0938377
0.185931
0.0918184
0.0763169
0.0510038
0.0307112
0.13031
0.137359
0.162901
0.180607
0.163033
0.0689068
0.059084
0.0907936
0.0321577
0.033482
0.113057
0.0973212
0.0990655
0.138018
0.0683287
0.0669226
0.0064359
0.173237
0.0549233
0.169932
0.0335708
0.107518
0.070465
0.0125184
0.0225122
0.0498763
0.0783171
0.0873575
0.0566285
0.0560459
0.197839
0.0447299
0.0367859
0.083476
0.151288
0.140808
0.0926892
0.0387312
0.172816
0.120359
0.0597742
0.155229
0.0216189
0.039055
0.0304198
0.0222845
0.0437904
0.0455356
0.0281811
0.0774592
0.124614
0.0468783
0.101267
0.100186
0.0194551
0.162496
0.062652
0.0818329
0.0550312
0.0685185
0.226804
0.142997
0.16936
0.0606104
0.0304783
0.105874
0.0186885
0.0630949
0.0211586
0.0180995
0.0581984
0.0624533
0.122419
0.14354
0.135597
0.0759932
0.189118
0.00951129
0.0207002
0.114918
0.0463355
0.0592061
0.0355804
0.091121
0.183802
0.0579463
0.0438513
0.0292567
0.0377025
0.132563
0.123386
0.0810573
0.00699786
0.0509345
0.0357163
0.119751
0.137328
0.0298925
0.02474
0.0394897
0.105074
0.026324
0.0688224
0.0725094
0.0372624
0.041601
0.0424262
0.0325665
0.188956
0.107868
0.0457614
0.0354192
0.0934407
0.0271766
0.0561643
0.0736604
0.0818672
0.0572044
0.147102
0.151954
0.0232335
0.0444968
0.0214655
0.0579031
0.162027
0.0259702
0.0300285
0.156053
0.0688073
0.00411596
0.0721319
0.0694402
0.122077
0.0396109
0.141283
0.134545
0.118485
0.00592522
0.00740671
0.0244959
0.0312663
0.0976089
0.0679586
0.086775
0.0725546
0.106173
0.0389207
0.0333785
0.0973874
0.167783
0.0628859
0.063998
0.0727728
0.0330542
0.0248434
0.0593541
0.0576658
0.167904
0.0235923
0.0707644
0.0766348
0.0991086
0.0554191
0.0366499
0.134015
0.0348026
0.056564
0.0343114
0.0982571
0.129259
0.0132635
0.147631
0.182175
0.0441886
0.172445
0.0842038
0.0889068
0.0610662
0.0606282
0.114445
0.0299335
0.12126
0.108584
0.0788118
0.0274216
0.172252
0.134348
0.00957081
0.0853323
0.0566122
0.00231218
0.0503114
0.159162
0.0491653
0.0424889
0.0267797
0.0806437
0.053917
0.0180743
0.224404
0.0555038
0.0928502
0.0447177
0.0612579
0.0344003
0.0927675
0.166552
0.141092
0.047693
0.0184142
0.0256758
0.0537232
0.0870812
0.0512417
0.138146
0.224078
0.191587
0.0469277
0.0947166
0.0205138
0.204995
0.0746835
0.14512
0.0627659
0.0621456
0.0287096
0.0727572
0.00224685
0.224486
0.041955
0.0548461
0.0115842
0.102721
0.049595
0.0725978
0.102199
0.204251
0.00966492
0.134963
0.0543231
0.0545876
0.053054
0.0198604
0.0432665
0.0934146
0.174597
0.00568965
0.0162078
0.188531
0.0145995
0.0279862
0.161271
0.103945
0.141779
0.152296
0.165374
0.167657
0.0950054
0.0724419
0.0339392
0.0768059
0.0300217
0.0621029
0.0612361
0.135417
0.126154
0.00582773
0.0251019
0.0400469
0.0147994
0.0788641
0.0155512
0.205048
0.040093
0.0935828
0.101355
0.0744388
0.0422187
0.0292592
0.0710418
0.054802
0.132878
0.0355772
0.0055804
0.0334224
0.125682
0.0558992
0.0206443
0.0458576
0.066606
0.134858
0.0965776
0.114649
0.0913956
0.010932
0.0300298
0.0454717
0.0747277
0.154411
0.146461
0.0762957
0.0700824
0.0721191
0.0297237
0.121179
0.113954
0.00171061
0.109418
0.00537895
0.0545219
0.0578133
0.0644431
0.0412215
0.0524674
0.0481001
0.156536
0.0192884
0.0849847
0.0213374
0.182936
0.0606811
0.06588
0.140121
0.155004
0.0599991
0.194998
0.0597158
0.0859136
0.0264111
0.101303
0.0934563
0.066126
0.0527894
0.15212
0.11009
0.0958795
0.10056
0.123887
0.0354734
0.157045
0.0442318
0.00648418
0.0980459
0.0276861
0.0698138
0.011086
0.0400995
0.0609687
0.0397753
0.142564
0.105916
0.130143
0.119535
0.0316121
0.0325855
0.10678
0.130114
0.116548
0.108089
0.0623929
0.0415457
0.0137492
0.00995966
0.0564574
0.100752
0.039386
0.0993178
0.0563913
0.133966
0.0131445
0.0981732
0.130794
0.0770206
0.0693416
0.0446976
0.0623511
0.0646864
0.120578
0.0572906
0.049515
0.0737426
0.0479657
0.0620112
0.0551262
0.15159
0.0600683
0.103212
0.177852
0.0216524
0.207654
0.0425274
0.0614293
0.180654
0.0339679
0.0441904
0.0594233
0.173878
0.0896605
0.0410815
0.0034553
0.088211
0.119181
0.0682408
0.011794
0.0544619
0.00948963
0.0409361
0.0447576
0.0400869
0.105882
0.00260552
0.0125774
0.0896821
0.0570947
0.0823544
0.0465411
0.112359
0.06823
0.103074
0.00752461
0.153869
0.163431
0.00318924
0.126887
0.0102932
0.122795
0.00987757
0.094118
0.0457753
0.0279249
0.0815738
0.138027
0.0885039
0.095009
0.183161
0.126507
0.0179978
0.14059
0.105144
0.0946878
0.0555913
0.178921
0.166562
0.0696249
0.104236
0.12106
0.195123
0.0670086
0.100076
0.172634
0.0636529
0.0452256
0.116943
0.0236203
0.026552
0.0239787
0.0155257
0.0150203
0.0128737
0.0163493
0.106639
0.111018
0.105006
0.119451
0.0136277
0.086562
0.0939023
0.0975284
0.0098504
0.0356702
0.0494451
0.101118
0.141266
0.0840634
0.0385034
0.0967434
0.0150483
0.156358
0.118484
0.0741253
0.0424105
0.0809678
0.0483568
0.101334
0.0260495
0.137377
0.0664826
0.112159
0.0693057
0.185193
0.113641
0.0388427
0.00122637
0.0826483
0.0592706
0.0412534
0.0636867
0.0184911
0.149498
0.0493841
0.124086
0.031255
0.00336049
0.00224053
0.206008
0.105595
0.208219
0.115643
0.0926005
0.0853298
0.068953
0.045254
0.0404101
0.0399584
0.0542602
0.0455229
0.0448413
0.058722
0.0168272
0.00945243
0.109505
0.10667
0.0031426
0.179041
0.174876
0.109036
0.0631353
0.0756892
0.165892
0.0586294
0.117467
0.184704
0.0830122
0.114205
0.0321827
0.110542
0.0469448
0.011242
0.0858607
0.106611
0.0238757
0.141997
0.1842
0.187487
0.122786
0.0542369
0.0852052
0.116563
0.0384658
0.0419907
0.0533435
0.0170323
0.0790737
0.0307974
0.156735
0.0985657
0.0693516
0.108394
0.0551192
0.0945992
0.13012
0.0066825
0.210856
0.105258
0.0747939
0.144821
0.0671953
0.0237028
0.136015
0.0432693
0.133251
0.0691884
0.173297
0.159265
0.0425296
0.0465591
0.157353
0.0521008
0.070235
0.0424543
0.0121805
0.147845
0.0159113
0.132854
0.0198593
0.052517
0.0928046
0.0131099
0.0212935
0.132099
0.0815095
0.103282
0.199432
0.102485
0.040092
0.0265904
0.0918357
0.113789
0.0501332
0.177491
0.055855
0.0587729
0.0855483
0.0247854
0.199699
0.0806758
0.0851124
0.0237662
0.0693243
0.0362976
0.0707912
0.158727
0.125697
0.00278599
0.0914896
0.015738
0.0994112
0.00308818
0.0687331
0.118482
0.190791
0.00901367
0.0934062
0.0518636
0.00232389
0.0387393
0.0576976
0.0712444
0.0260915
0.11512
0.0881454
0.164523
0.00892141
0.0569087
0.0466514
0.134383
0.0565595
0.182422
0.0878301
0.0559551
0.0674859
0.0532507
0.0086429
0.0473825
0.0674294
0.140613
0.118763
0.192078
0.0617595
0.0955906
0.0380636
0.0843576
0.00653037
0.0690943
0.0136245
0.0327488
0.0729056
0.201477
0.0208621
0.196049
0.065593
0.085104
0.166312
0.0267069
0.0276515
0.102004
0.048958
0.10415
0.0697794
0.0900872
0.168837
0.0047765
0.151266
0.0240411
0.0426279
0.0134633
0.152048
0.131911
0.0518335
0.207336
0.189133
0.163678
0.0783079
0.095151
0.0449716
0.0609936
0.181824
0.158877
0.0572915
0.196488
0.0651715
0.0832719
0.175405
0.202124
0.0489658
0.0758002
0.0274066
0.057545
0.0647728
0.0413164
0.033859
0.0907047
0.00253638
0.0817902
0.0983145
0.0833453
0.0456439
0.0955245
0.186997
0.0615712
0.0575536
0.0227091
0.0906844
0.0980628
0.0418505
0.0677208
0.0733196
0.0626451
0.0945046
0.0859359
0.153953
0.106195
0.0556831
0.043872
0.062371
0.0362672
0.0997441
0.0599102
0.0220264
0.0706091
0.0721473
0.0123203
0.0580434
0.0800079
0.128444
0.0171259
0.167256
0.138146
0.0146302
0.0133879
0.0587499
0.0473079
0.0194824
0.132565
0.0835985
0.170166
0.0130369
0.0397939
0.0448564
0.113418
0.207091
0.21347
0.108579
0.0633533
0.184581
0.0782427
0.122418
0.190453
0.0288047
0.0760803
0.0256749
0.00325396
0.066237
0.0836999
0.019072
0.2088
0.110059
0.117033
0.125875
0.0413669
0.0308528
0.0889666
0.0187413
0.0932125
0.0647428
0.0346191
0.0548699
0.0347269
0.00856902
0.00531614
0.00751604
0.133091
0.14476
0.109646
0.104678
0.0756637
0.0327067
0.139847
0.12919
0.0326607
0.0795463
0.117212
0.0169947
0.0780573
0.0423196
0.154607
0.0927316
0.172636
0.0374753
0.114707
0.0194662
0.0124117
0.0190897
0.00850704
0.170511
0.0210325
0.198022
0.219592
0.0400793
0.0903775
0.089989
0.11423
0.0733142
0.0975925
0.043218
0.0118513
0.122727
0.0255631
0.0289525
0.133363
0.157621
0.0901897
0.0312704
0.0962723
0.0928148
0.0461554
0.00779824
0.153476
0.142652
0.0176465
0.0247621
0.113453
0.0901208
0.211638
0.194745
0.177018
0.103748
0.0920152
0.0706976
0.0478082
0.0427191
0.0743154
0.0262819
0.0445406
0.0467777
0.0296697
0.0145739
0.121621
0.0799355
0.0495467
0.0719259
0.0834693
0.08689
0.049458
0.0896166
0.0596579
0.0205776
0.109679
0.0357306
0.146186
0.0860362
0.023907
0.0376206
0.0986133
0.14902
0.0660582
0.0587408
0.0188543
0.106463
0.0586198
0.0753806
0.141611
0.0407073
0.064068
0.0292627
0.0387246
0.178353
0.0617512
0.0877841
0.0498036
0.128341
0.0686632
0.0893648
0.0805626
0.0133493
0.0562545
0.0153121
0.144269
0.125953
0.110658
0.0702331
0.122438
0.221267
0.00995945
0.0421401
0.0930063
0.0315531
0.0515547
0.188341
0.138776
0.174465
0.0625595
0.0216182
0.0731711
0.0870728
0.0700904
0.031544
0.0511017
0.0559408
0.0072365
0.142468
0.0907814
0.036589
0.0194625
0.0947688
0.18393
0.0674014
0.197906
0.102836
0.134917
0.0755584
0.10333
0.204571
0.0650796
0.0306565
