0.0568881
0.125742
0.158515
0.00416066
0.00227247
0.0595279
0.134096
0.096223
0.0835704
0.140146
0.166784
0.0261947
0.0969937
0.0929926
0.0656651
0.0338952
0.0109081
0.0341051
0.15975
0.0140951
0.108553
0.220453
0.0246934
0.0282908
0.0765332
0.0278823
0.00450368
0.0324151
0.155251
0.0109891
0.156224
0.162399
0.0696869
0.0732952
0.0337734
0.202151
0.0486634
0.00549674
0.0388325
0.102817
0.0783436
0.0604455
0.0700384
0.061114
0.0660898
0.106653
0.134912
0.113933
0.130149
0.0301187
0.117959
0.0737334
0.0208977
0.0667247
0.0231566
0.0394273
0.14254
0.125023
0.055938
0.1461
0.140263
0.0597465
0.0184669
0.123088
0.186733
0.0354922
0.0680236
0.163842
0.0423652
0.00699845
0.109562
0.0641968
0.120869
0.105302
0.0546939
0.163735
0.114994
0.05811
0.0612151
0.0941098
0.0345404
0.109181
0.199941
0.0752025
0.191412
0.0136597
0.178869
0.0562189
0.102919
0.0396852
0.0586224
0.012429
0.0622617
0.0285457
0.02316
0.0325594
0.0628579
0.0249221
0.140279
0.00310032
0.140519
0.103764
0.100716
0.0405615
0.0210771
0.0382392
0.133707
0.0565802
0.0858137
0.0484186
0.134808
0.195067
0.0809103
0.059058
0.0563899
0.14913
0.0570548
0.00949692
0.0307998
0.013238
0.0811562
0.0241554
0.099562
0.0173847
0.0633315
0.141985
0.0818015
0.0307703
0.026439
0.0615329
0.0572004
0.153182
0.10545
0.20278
0.19688
0.0779091
0.144681
0.0692561
0.00954746
0.0676165
0.0994004
0.149986
0.043528
0.0503325
0.0697795
0.121645
0.22003
0.0853749
0.084217
0.0130617
0.0677831
0.0447914
0.102074
0.134363
0.00242557
0.142733
0.0291611
0.0463269
0.0834123
0.00556447
0.0599302
0.0806413
0.0193119
0.00577428
0.0653624
0.0312803
0.0941654
0.0473382
0.0401266
0.0759124
0.0417114
0.0461988
0.0449028
0.150033
0.139396
0.143566
0.0969522
0.0401033
0.00564589
0.0868277
0.11354
0.0940208
0.0313511
0.103404
0.139774
0.0487634
0.0531794
0.00399329
0.180311
0.0149762
0.184697
0.146402
0.0679891
0.0436268
0.0866927
0.0750219
0.0676433
0.0139918
0.108547
0.0414969
0.00457624
0.0072373
0.103647
0.0167435
0.0223126
0.0144208
0.0225166
0.170653
0.0375897
0.0831524
0.0955451
0.0907043
0.109869
0.00885128
0.103099
0.130636
0.0742398
0.0333143
0.0228985
0.124727
0.0394594
0.107433
0.0441448
0.0815836
0.144638
0.107434
0.0986003
0.0589419
0.0769842
0.038045
0.11603
0.064353
0.196953
0.0326477
0.0715114
0.0513234
0.00802166
0.126722
0.0349767
0.0561383
0.174992
0.0769787
0.0373978
0.154641
0.0927114
0.181827
0.0205517
0.0476903
0.00750453
0.188249
0.109727
0.0621548
0.0737305
0.0788429
0.0172952
0.0371506
0.0201879
0.182125
0.0929827
0.0418085
0.106431
0.0473259
0.0295345
0.0448585
0.0142156
0.0453127
0.032123
0.0464861
0.164663
0.0805935
0.168745
0.195349
0.0599359
0.0677135
0.0526837
0.0052319
0.102977
0.0296362
0.144925
0.0735892
0.135898
0.0133083
0.0980765
0.00723698
0.196961
0.20231
0.121009
0.0336079
0.164571
0.0648976
0.0922492
0.11688
0.035445
0.0656009
0.146865
0.118316
0.00442869
0.123782
0.0556084
0.0369542
0.0256662
0.0917568
0.0539065
0.0815706
0.0249228
0.0480011
0.182101
0.0845319
0.0198805
0.121669
0.1414
0.149146
0.0611503
0.159119
0.13545
0.0592196
0.107416
0.107653
0.0669364
0.124448
0.173687
0.0697282
0.0831209
0.113201
0.178271
0.0535775
0.00524748
0.100769
0.0678178
0.0893419
0.148241
0.185164
0.0471295
0.0417283
0.113234
0.0306356
0.0255913
0.057393
0.0948617
0.0476811
0.210689
0.174591
0.0281203
0.0567611
0.0350654
0.0125369
0.00810845
0.0116034
0.0731988
0.0780223
0.0310367
0.0213538
0.130234
0.0919231
0.148936
0.100518
0.0311443
0.0371028
0.0263828
0.042451
0.0781743
0.00887204
0.036769
0.0188079
0.0937337
0.0404036
0.0687269
0.152854
0.0549144
0.0970825
0.164368
0.0307615
0.0608395
0.0850712
0.0642417
0.0106286
0.0227018
0.0551069
0.0769837
0.00877997
0.00348446
0.103375
0.0441861
0.12418
0.041142
0.0406617
0.063847
0.0729787
0.0565623
0.0511316
0.118617
0.00888115
0.165252
0.123694
0.177777
0.0165774
0.0599963
0.104035
0.103784
0.0432219
0.0884506
0.161093
0.0422962
0.123044
0.0457215
0.122267
0.0683882
0.0373385
0.102137
0.048662
0.184453
0.0592404
0.0233039
0.0161335
0.152749
0.0159188
0.145581
0.121192
0.0577373
0.00485978
0.102321
0.0171214
0.071294
0.0686379
0.185549
0.0196734
0.10537
0.0867033
0.0296387
0.194288
0.0472269
0.15524
0.031534
0.0482237
0.0461573
0.0796897
0.0296422
0.117136
0.100917
0.0727594
0.0596039
0.120139
0.100683
0.0621706
0.0839526
0.0497078
0.0695068
0.0158319
0.00415023
0.0386478
0.0969246
0.0582354
0.089723
0.0882011
0.0949065
0.0274017
0.135149
0.132079
0.0299429
0.133853
0.0736407
0.0601997
0.0607298
0.0559692
0.0860521
0.0605997
0.172461
0.0578798
0.00200115
0.0285119
0.0166871
0.0937089
0.116906
0.0250458
0.086462
0.0886319
0.0706999
0.0614338
0.0188304
0.0393292
0.0990692
0.0937541
0.113457
0.147682
0.104863
0.057609
0.0677717
0.00859257
0.097068
0.0328767
0.17274
0.058183
0.0442912
0.0570723
0.0145093
0.0157158
0.0461114
0.129822
0.0670939
0.0381838
0.112433
0.0242347
0.110809
0.0367253
0.0177631
0.0175125
0.165304
0.1894
0.0386062
0.0376716
0.100784
0.135774
0.119181
0.0681364
0.079445
0.0696866
0.0578215
0.180255
0.116196
0.0185631
0.0948658
0.0219819
0.14318
0.1641
0.0936969
0.068923
0.186342
0.0757188
0.0447237
0.0362979
0.036556
0.0422019
0.00922326
0.0610276
0.0798561
0.061246
0.051361
0.0994993
0.0500243
0.0797207
0.0449285
0.169873
0.01414
0.126869
0.0885891
0.0435006
0.0538258
0.0329094
0.0502291
0.0629541
0.127438
0.147098
0.0906872
0.137184
0.0713387
0.0119584
0.107255
0.194995
0.210012
0.161747
0.0583072
0.055869
0.0739973
0.0502046
0.0127353
0.0164038
0.190081
0.0190704
0.0849134
0.0148511
0.0957172
0.0128095
0.140599
0.15375
0.0754846
0.100252
0.0415818
0.165614
0.0178843
0.0655888
0.0427147
0.177442
0.103454
0.0172785
0.0226801
0.140543
0.0743763
0.0770553
0.153046
0.0731625
0.125336
0.122615
0.101473
0.0480046
0.0527846
0.0916787
0.0132567
0.0261031
0.0454765
0.00351572
0.0760871
0.0314894
0.109505
0.0616621
0.116486
0.171346
0.0147991
0.0156305
0.160726
0.152473
0.0370348
0.0419741
0.0217485
0.129233
0.0623601
0.178074
0.0449481
0.0246524
0.104908
0.162076
0.134044
0.0100301
0.0226719
0.145889
0.0918472
0.0493557
0.0886106
0.107835
0.0769797
0.122167
0.0261365
0.0470533
0.109614
0.0433017
0.00208181
0.00806995
0.049281
0.0250488
0.147422
0.129889
0.0158414
0.111719
0.0193895
0.0997486
0.0231774
0.051832
0.163691
0.108973
0.0509412
0.0501193
0.022872
0.123479
0.127259
0.0927634
0.0180291
0.0570858
0.0315682
0.0927224
0.0744826
0.047815
0.173657
0.0176202
0.0548306
0.0625972
0.0853918
0.016394
0.107951
0.105388
0.209102
0.104031
0.201774
0.0563771
0.177483
0.0695813
0.152091
0.0813878
0.124805
0.202783
0.0310274
0.0526308
0.0674715
0.078574
0.142238
0.0829042
0.0532501
0.0987643
0.0419997
0.104343
0.145318
0.0322121
0.0871951
0.152528
0.0673119
0.0612548
0.0781245
0.0154093
0.0701224
0.0412589
0.0273919
0.0642088
0.00966845
0.0397482
0.0444372
0.0526539
0.0310997
0.0410131
0.137112
0.0509689
0.109561
0.0651364
0.0880292
0.089942
0.103124
0.0686211
0.0151707
0.199918
0.0253393
0.134678
0.118245
0.0427213
0.076457
0.0642719
0.152387
0.147041
0.130664
0.0239843
0.0843916
0.137408
0.110353
0.155743
0.0257942
0.204513
0.0824015
0.145665
0.054164
0.128196
0.105532
0.0010522
0.0571309
0.0909382
0.0564219
0.0216793
0.0893691
0.0643234
0.152897
0.027326
0.015007
0.17798
0.0812555
0.169684
0.199148
0.0450428
0.0997384
0.0182283
0.0288115
0.0662943
0.117595
0.0467013
0.0945781
0.0874298
0.125377
0.0985914
0.0383621
0.151343
0.139823
0.0950036
0.0418547
0.124474
0.0477443
0.104823
0.0340726
0.0553708
0.0854621
0.0981106
0.0586352
0.211965
0.0646155
0.170498
0.0432534
0.123529
0.0182732
0.0268429
0.0685229
0.128135
0.154412
0.0226919
0.0447463
0.110426
0.111681
0.0925961
0.0448289
0.04115
0.153917
0.0648033
0.0418635
0.100519
0.0182193
0.148898
0.1294
0.019427
0.0312077
0.108092
0.0872235
0.067163
0.0134735
0.0296586
0.0958538
0.163282
0.0914347
0.0489324
0.0137951
0.0122543
0.0455139
0.006239
0.0441712
0.115364
0.0561751
0.0462493
0.07377
0.0405976
0.0325854
0.204717
0.0210591
0.125802
0.0779637
0.0112145
0.0912151
0.0178303
0.0319234
0.14856
0.0435436
0.122471
0.0603015
0.0471685
0.0696388
0.0113072
0.0504367
0.137347
0.00748333
0.0341951
0.116208
0.0912701
0.0975815
0.101179
0.153592
0.0941058
0.0110328
0.22058
0.208117
0.200366
0.02324
0.113762
0.140093
0.0898806
0.0669639
0.0609509
0.0916683
0.0720823
0.0248838
0.0712731
0.150066
0.0439722
0.0902171
0.0871902
0.0707555
0.172511
0.0862604
0.074389
0.130843
0.109738
0.0456219
0.127795
0.0286032
0.108404
0.219006
0.126284
0.0671992
0.0200243
0.132132
0.0802567
0.182003
0.0693343
0.0567711
0.0605357
0.0571348
0.0677965
0.165908
0.150936
0.140054
0.0248596
0.0167176
0.031349
0.0850002
0.0200587
0.16044
0.0789854
0.0193052
0.181325
0.0578747
0.0984793
0.110449
0.0119718
0.158261
0.113714
0.0495912
0.109471
0.0578742
0.153079
0.0248968
0.0813897
0.0701128
0.00734716
0.0347971
0.0377582
0.119141
0.114693
0.0335637
0.116614
0.0382384
0.0297551
0.0977551
0.00957593
0.110497
0.0244189
0.0254542
0.00214695
0.107805
0.0498803
0.140569
0.0758216
0.0277228
0.0155111
0.139295
0.157955
0.0750482
0.0379958
0.09258
0.0424655
0.104953
0.136672
0.0307869
0.00670202
0.0493255
0.049276
0.0213903
0.0937372
0.0764108
0.00916576
0.0367766
0.0497262
0.123509
0.0484391
0.0755495
0.0176664
0.0515183
0.0614569
0.00674249
0.0265838
0.0604139
0.195706
0.0363045
0.0691281
0.176463
0.0833101
0.118887
0.0540703
0.0481821
0.102792
0.010486
0.206519
0.0438425
0.0517301
0.0503501
0.00628279
0.0262173
0.0438955
0.048039
0.0233247
0.141384
0.0570361
0.0299952
0.134204
0.0217537
0.0132077
0.00211816
0.117739
0.0803944
0.0672971
0.190068
0.120428
0.104851
0.094408
0.0281382
0.0324316
0.0978332
0.0731716
0.0288078
0.158439
0.186872
0.0766317
0.0974858
0.014306
0.0192051
0.0840525
0.00918015
0.119952
0.047353
0.0422419
0.175458
0.159362
0.000897523
0.103197
0.138278
0.209668
0.0660304
0.0269887
0.0434127
0.0422342
0.0572201
0.107234
0.0899339
0.0733165
0.192291
0.0411208
0.0875951
0.199901
0.0244047
0.028085
0.0833762
0.0833095
0.178365
0.0504038
0.117711
0.0141438
0.191339
0.0578061
0.0100172
0.0895596
0.122164
0.0996921
0.0625207
0.0480064
0.0164836
0.0853838
0.00142334
0.0891236
0.0762974
0.0192555
0.170987
0.0101707
0.153263
0.112573
0.14536
0.148859
0.129922
0.174035
0.09814
0.0853308
0.0725371
0.172834
0.0379741
0.0174483
0.0202683
0.0699101
0.11479
0.0314714
0.0386627
0.0692681
0.0568881
0.125742
0.158515
0.00416066
0.00227247
0.0595279
0.134096
0.096223
0.0835704
0.140146
0.166784
0.0261947
0.0969937
0.0929926
0.0656651
0.0338952
0.0109081
0.0341051
0.15975
0.0140951
0.108553
0.220453
0.0246934
0.0282908
0.0765332
0.0278823
0.00450368
0.0324151
0.155251
0.0109891
0.156224
0.162399
0.0696869
0.0732952
0.0337734
0.202151
0.0486634
0.00549674
0.0388325
0.102817
0.0783436
0.0604455
0.0700384
0.061114
0.0660898
0.106653
0.134912
0.113933
0.130149
0.0301187
0.117959
0.0737334
0.0208977
0.0667247
0.0231566
0.0394273
0.14254
0.125023
0.055938
0.1461
0.140263
0.0597465
0.0184669
0.123088
0.186733
0.0354922
0.0680236
0.163842
0.0423652
0.00699845
0.109562
0.0641968
0.120869
0.105302
0.0546939
0.163735
0.114994
0.05811
0.0612151
0.0941098
0.0345404
0.109181
0.199941
0.0752025
0.191412
0.0136597
0.178869
0.0562189
0.102919
0.0396852
0.0586224
0.012429
0.0622617
0.0285457
0.02316
0.0325594
0.0628579
0.0249221
0.140279
0.00310032
0.140519
0.103764
0.100716
0.0405615
0.0210771
0.0382392
0.133707
0.0565802
0.0858137
0.0484186
0.134808
0.195067
0.0809103
0.059058
0.0563899
0.14913
0.0570548
0.00949692
0.0307998
0.013238
0.0811562
0.0241554
0.099562
0.0173847
0.0633315
0.141985
0.0818015
0.0307703
0.026439
0.0615329
0.0572004
0.153182
0.10545
0.20278
0.19688
0.0779091
0.144681
0.0692561
0.00954746
0.0676165
0.0994004
0.149986
0.043528
0.0503325
0.0697795
0.121645
0.22003
0.0853749
0.084217
0.0130617
0.0677831
0.0447914
0.102074
0.134363
0.00242557
0.142733
0.0291611
0.0463269
0.0834123
0.00556447
0.0599302
0.0806413
0.0193119
0.00577428
0.0653624
0.0312803
0.0941654
0.0473382
0.0401266
0.0759124
0.0417114
0.0461988
0.0449028
0.150033
0.139396
0.143566
0.0969522
0.0401033
0.00564589
0.0868277
0.11354
0.0940208
0.0313511
0.103404
0.139774
0.0487634
0.0531794
0.00399329
0.180311
0.0149762
0.184697
0.146402
0.0679891
0.0436268
0.0866927
0.0750219
0.0676433
0.0139918
0.108547
0.0414969
0.00457624
0.0072373
0.103647
0.0167435
0.0223126
0.0144208
0.0225166
0.170653
0.0375897
0.0831524
0.0955451
0.0907043
0.109869
0.00885128
0.103099
0.130636
0.0742398
0.0333143
0.0228985
0.124727
0.0394594
0.107433
0.0441448
0.0815836
0.144638
0.107434
0.0986003
0.0589419
0.0769842
0.038045
0.11603
0.064353
0.196953
0.0326477
0.0715114
0.0513234
0.00802166
0.126722
0.0349767
0.0561383
0.174992
0.0769787
0.0373978
0.154641
0.0927114
0.181827
0.0205517
0.0476903
0.00750453
0.188249
0.109727
0.0621548
0.0737305
0.0788429
0.0172952
0.0371506
0.0201879
0.182125
0.0929827
0.0418085
0.106431
0.0473259
0.0295345
0.0448585
0.0142156
0.0453127
0.032123
0.0464861
0.164663
0.0805935
0.168745
0.195349
0.0599359
0.0677135
0.0526837
0.0052319
0.102977
0.0296362
0.144925
0.0735892
0.135898
0.0133083
0.0980765
0.00723698
0.196961
0.20231
0.121009
0.0336079
0.164571
0.0648976
0.0922492
0.11688
0.035445
0.0656009
0.146865
0.118316
0.00442869
0.123782
0.0556084
0.0369542
0.0256662
0.0917568
0.0539065
0.0815706
0.0249228
0.0480011
0.182101
0.0845319
0.0198805
0.121669
0.1414
0.149146
0.0611503
0.159119
0.13545
0.0592196
0.107416
0.107653
0.0669364
0.124448
0.173687
0.0697282
0.0831209
0.113201
0.178271
0.0535775
0.00524748
0.100769
0.0678178
0.0893419
0.148241
0.185164
0.0471295
0.0417283
0.113234
0.0306356
0.0255913
0.057393
0.0948617
0.0476811
0.210689
0.174591
0.0281203
0.0567611
0.0350654
0.0125369
0.00810845
0.0116034
0.0731988
0.0780223
0.0310367
0.0213538
0.130234
0.0919231
0.148936
0.100518
0.0311443
0.0371028
0.0263828
0.042451
0.0781743
0.00887204
0.036769
0.0188079
0.0937337
0.0404036
0.0687269
0.152854
0.0549144
0.0970825
0.164368
0.0307615
0.0608395
0.0850712
0.0642417
0.0106286
0.0227018
0.0551069
0.0769837
0.00877997
0.00348446
0.103375
0.0441861
0.12418
0.041142
0.0406617
0.063847
0.0729787
0.0565623
0.0511316
0.118617
0.00888115
0.165252
0.123694
0.177777
0.0165774
0.0599963
0.104035
0.103784
0.0432219
0.0884506
0.161093
0.0422962
0.123044
0.0457215
0.122267
0.0683882
0.0373385
0.102137
0.048662
0.184453
0.0592404
0.0233039
0.0161335
0.152749
0.0159188
0.145581
0.121192
0.0577373
0.00485978
0.102321
0.0171214
0.071294
0.0686379
0.185549
0.0196734
0.10537
0.0867033
0.0296387
0.194288
0.0472269
0.15524
0.031534
0.0482237
0.0461573
0.0796897
0.0296422
0.117136
0.100917
0.0727594
0.0596039
0.120139
0.100683
0.0621706
0.0839526
0.0497078
0.0695068
0.0158319
0.00415023
0.0386478
0.0969246
0.0582354
0.089723
0.0882011
0.0949065
0.0274017
0.135149
0.132079
0.0299429
0.133853
0.0736407
0.0601997
0.0607298
0.0559692
0.0860521
0.0605997
0.172461
0.0578798
0.00200115
0.0285119
0.0166871
0.0937089
0.116906
0.0250458
0.086462
0.0886319
0.0706999
0.0614338
0.0188304
0.0393292
0.0990692
0.0937541
0.113457
0.147682
0.104863
0.057609
0.0677717
0.00859257
0.097068
0.0328767
0.17274
0.058183
0.0442912
0.0570723
0.0145093
0.0157158
0.0461114
0.129822
0.0670939
0.0381838
0.112433
0.0242347
0.110809
0.0367253
0.0177631
0.0175125
0.165304
0.1894
0.0386062
0.0376716
0.100784
0.135774
0.119181
0.0681364
0.079445
0.0696866
0.0578215
0.180255
0.116196
0.0185631
0.0948658
0.0219819
0.14318
0.1641
0.0936969
0.068923
0.186342
0.0757188
0.0447237
0.0362979
0.036556
0.0422019
0.00922326
0.0610276
0.0798561
0.061246
0.051361
0.0994993
0.0500243
0.0797207
0.0449285
0.169873
0.01414
0.126869
0.0885891
0.0435006
0.0538258
0.0329094
0.0502291
0.0629541
0.127438
0.147098
0.0906872
0.137184
0.0713387
0.0119584
0.107255
0.194995
0.210012
0.161747
0.0583072
0.055869
0.0739973
0.0502046
0.0127353
0.0164038
0.190081
0.0190704
0.0849134
0.0148511
0.0957172
0.0128095
0.140599
0.15375
0.0754846
0.100252
0.0415818
0.165614
0.0178843
0.0655888
0.0427147
0.177442
0.103454
0.0172785
0.0226801
0.140543
0.0743763
0.0770553
0.153046
0.0731625
0.125336
0.122615
0.101473
0.0480046
0.0527846
0.0916787
0.0132567
0.0261031
0.0454765
0.00351572
0.0760871
0.0314894
0.109505
0.0616621
0.116486
0.171346
0.0147991
0.0156305
0.160726
0.152473
0.0370348
0.0419741
0.0217485
0.129233
0.0623601
0.178074
0.0449481
0.0246524
0.104908
0.162076
0.134044
0.0100301
0.0226719
0.145889
0.0918472
0.0493557
0.0886106
0.107835
0.0769797
0.122167
0.0261365
0.0470533
0.109614
0.0433017
0.00208181
0.00806995
0.049281
0.0250488
0.147422
0.129889
0.0158414
0.111719
0.0193895
0.0997486
0.0231774
0.051832
0.163691
0.108973
0.0509412
0.0501193
0.022872
0.123479
0.127259
0.0927634
0.0180291
0.0570858
0.0315682
0.0927224
0.0744826
0.047815
0.173657
0.0176202
0.0548306
0.0625972
0.0853918
0.016394
0.107951
0.105388
0.209102
0.104031
0.201774
0.0563771
0.177483
0.0695813
0.152091
0.0813878
0.124805
0.202783
0.0310274
0.0526308
0.0674715
0.078574
0.142238
0.0829042
0.0532501
0.0987643
0.0419997
0.104343
0.145318
0.0322121
0.0871951
0.152528
0.0673119
0.0612548
0.0781245
0.0154093
0.0701224
0.0412589
0.0273919
0.0642088
0.00966845
0.0397482
0.0444372
0.0526539
0.0310997
0.0410131
0.137112
0.0509689
0.109561
0.0651364
0.0880292
0.089942
0.103124
0.0686211
0.0151707
0.199918
0.0253393
0.134678
0.118245
0.0427213
0.076457
0.0642719
0.152387
0.147041
0.130664
0.0239843
0.0843916
0.137408
0.110353
0.155743
0.0257942
0.204513
0.0824015
0.145665
0.054164
0.128196
0.105532
0.0010522
0.0571309
0.0909382
0.0564219
0.0216793
0.0893691
0.0643234
0.152897
0.027326
0.015007
0.17798
0.0812555
0.169684
0.199148
0.0450428
0.0997384
0.0182283
0.0288115
0.0662943
0.117595
0.0467013
0.0945781
0.0874298
0.125377
0.0985914
0.0383621
0.151343
0.139823
0.0950036
0.0418547
0.124474
0.0477443
0.104823
0.0340726
0.0553708
0.0854621
0.0981106
0.0586352
0.211965
0.0646155
0.170498
0.0432534
0.123529
0.0182732
0.0268429
0.0685229
0.128135
0.154412
0.0226919
0.0447463
0.110426
0.111681
0.0925961
0.0448289
0.04115
0.153917
0.0648033
0.0418635
0.100519
0.0182193
0.148898
0.1294
0.019427
0.0312077
0.108092
0.0872235
0.067163
0.0134735
0.0296586
0.0958538
0.163282
0.0914347
0.0489324
0.0137951
0.0122543
0.0455139
0.006239
0.0441712
0.115364
0.0561751
0.0462493
0.07377
0.0405976
0.0325854
0.204717
0.0210591
0.125802
0.0779637
0.0112145
0.0912151
0.0178303
0.0319234
0.14856
0.0435436
0.122471
0.0603015
0.0471685
0.0696388
0.0113072
0.0504367
0.137347
0.00748333
0.0341951
0.116208
0.0912701
0.0975815
0.101179
0.153592
0.0941058
0.0110328
0.22058
0.208117
0.200366
0.02324
0.113762
0.140093
0.0898806
0.0669639
0.0609509
0.0916683
0.0720823
0.0248838
0.0712731
0.150066
0.0439722
0.0902171
0.0871902
0.0707555
0.172511
0.0862604
0.074389
0.130843
0.109738
0.0456219
0.127795
0.0286032
0.108404
0.219006
0.126284
0.0671992
0.0200243
0.132132
0.0802567
0.182003
0.0693343
0.0567711
0.0605357
0.0571348
0.0677965
0.165908
0.150936
0.140054
0.0248596
0.0167176
0.031349
0.0850002
0.0200587
0.16044
0.0789854
0.0193052
0.181325
0.0578747
0.0984793
0.110449
0.0119718
0.158261
0.113714
0.0495912
0.109471
0.0578742
0.153079
0.0248968
0.0813897
0.0701128
0.00734716
0.0347971
0.0377582
0.119141
0.114693
0.0335637
0.116614
0.0382384
0.0297551
0.0977551
0.00957593
0.110497
0.0244189
0.0254542
0.00214695
0.107805
0.0498803
0.140569
0.0758216
0.0277228
0.0155111
0.139295
0.157955
0.0750482
0.0379958
0.09258
0.0424655
0.104953
0.136672
0.0307869
0.00670202
0.0493255
0.049276
0.0213903
0.0937372
0.0764108
0.00916576
0.0367766
0.0497262
0.123509
0.0484391
0.0755495
0.0176664
0.0515183
0.0614569
0.00674249
0.0265838
0.0604139
0.195706
0.0363045
0.0691281
0.176463
0.0833101
0.118887
0.0540703
0.0481821
0.102792
0.010486
0.206519
0.0438425
0.0517301
0.0503501
0.00628279
0.0262173
0.0438955
0.048039
0.0233247
0.141384
0.0570361
0.0299952
0.134204
0.0217537
0.0132077
0.00211816
0.117739
0.0803944
0.0672971
0.190068
0.120428
0.104851
0.094408
0.0281382
0.0324316
0.0978332
0.0731716
0.0288078
0.158439
0.186872
0.0766317
0.0974858
0.014306
0.0192051
0.0840525
0.00918015
0.119952
0.047353
0.0422419
0.175458
0.159362
0.000897523
0.103197
0.138278
0.209668
0.0660304
0.0269887
0.0434127
0.0422342
0.0572201
0.107234
0.0899339
0.0733165
0.192291
0.0411208
0.0875951
0.199901
0.0244047
0.028085
0.0833762
0.0833095
0.178365
0.0504038
0.117711
0.0141438
0.191339
0.0578061
0.0100172
0.0895596
0.122164
0.0996921
0.0625207
0.0480064
0.0164836
0.0853838
0.00142334
0.0891236
0.0762974
0.0192555
0.170987
0.0101707
0.153263
0.112573
0.14536
0.148859
0.129922
0.174035
0.09814
0.0853308
0.0725371
0.172834
0.0379741
0.0174483
0.0202683
0.0699101
0.11479
0.0314714
0.0386627
0.0692681
0.0216632
0.1956
0.0333017
0.175139
0.0872056
0.0316567
0.0613829
0.104286
0.0422384
0.108561
0.0941973
0.1762
0.0788029
0.0334179
0.126831
0.127733
0.0892385
0.0846168
0.0590842
0.16089
0.0653372
0.082072
0.0676473
0.0519772
0.0621868
0.023733
0.191134
0.0512829
0.0276165
0.145922
0.0146855
0.0433838
0.0636168
0.126094
0.00988641
0.0220204
0.11095
0.0913539
0.116186
0.0328777
0.0194813
0.104177
0.0428832
0.130633
0.0837568
0.0271509
0.00402814
0.135423
0.0991213
0.063401
0.0602453
0.0321986
0.119854
0.0751685
0.0549912
0.0292043
0.173457
0.0198129
0.0404279
0.157011
0.0228024
0.0646718
0.0558486
0.156652
0.150643
0.0546057
0.00125531
0.151994
0.0366262
0.104237
0.0253261
0.0178317
0.200565
0.130541
0.014098
0.158368
0.0497769
0.109005
0.0981484
0.12374
0.0529108
0.188472
0.0162626
0.0725719
0.115541
0.118646
0.0289966
0.00530847
0.102365
0.0524738
0.0403559
0.0431543
0.0340196
0.153341
0.0701686
0.0251448
0.0576628
0.0601407
0.188173
0.155028
0.0430022
0.0482665
0.0884121
0.108724
0.0764856
0.170954
0.0291946
0.110481
0.180047
0.0820833
0.0964682
0.0862811
0.0223619
0.0884298
0.00706342
0.0398617
0.219281
0.129682
0.131561
0.103382
0.0322249
0.121341
0.216624
0.0132954
0.0231168
0.0771462
0.149881
0.118951
0.112876
0.0204702
0.12642
0.0952832
0.028452
0.0143965
0.0324964
0.0581904
0.188477
0.119992
0.118493
0.107607
0.0489389
0.0629113
0.0103334
0.0648797
0.053075
0.117499
0.176582
0.194373
0.0222042
0.0372224
0.195938
0.0378009
0.0723484
0.051246
0.0560165
0.172446
0.00284895
0.159668
0.116168
0.0793948
0.0412829
0.07967
0.0258373
0.00347392
0.11495
0.0311848
0.10555
0.0160902
0.156353
0.0871864
0.200483
0.0714269
0.0568936
0.151294
0.146701
0.0488254
0.0414565
0.083877
0.12803
0.0131527
0.054273
0.146829
0.160621
0.133386
0.135029
0.11007
0.182076
0.00443558
0.0953482
0.0395971
0.0380507
0.0654367
0.0696185
0.0229765
0.0208819
0.0452998
0.117465
0.072806
0.071039
0.120326
0.135915
0.0309952
0.098868
0.202127
0.14848
0.180894
0.0832127
0.0628324
0.0203456
0.127279
0.0457858
0.108311
0.0120361
0.00960551
0.0621538
0.132526
0.104571
0.106226
0.0600856
0.10323
0.159774
0.0876545
0.0723797
0.0250017
0.0637256
0.0939984
0.0805752
0.10994
0.0549471
0.132724
0.131253
0.0623232
0.0444871
0.134346
0.114575
0.0953459
0.0626587
0.196306
0.00436146
0.00952613
0.0954125
0.0186528
0.183135
0.0120224
0.17688
0.0722913
0.112506
0.158759
0.138663
0.080919
0.112558
0.0722669
0.0974647
0.175101
0.0514479
0.00289304
0.0736416
0.0701853
0.131664
0.0506657
0.045039
0.21036
0.0128724
0.0643223
0.0777072
0.124638
0.182527
0.0556222
0.0826495
0.0287832
0.0855186
0.072243
0.0955737
0.0325878
0.112056
0.0429137
0.0796501
0.19624
0.0756142
0.129187
0.027446
0.151577
0.0313896
0.0934877
0.0324372
0.102088
0.0925053
0.0803939
0.0407659
0.07045
0.0328419
0.0594244
0.0788969
0.0475096
0.00855268
0.0126957
0.0997651
0.0669107
0.181989
0.00920745
0.0747507
0.0403302
0.161134
0.144217
0.104328
0.0596932
0.0901596
0.148313
0.118628
0.0715221
0.00675192
0.119456
0.0832189
0.0281876
0.196375
0.018763
0.183254
0.215164
0.0758593
0.0463705
0.00567208
0.034389
0.0329077
0.0681313
0.050206
0.0266681
0.106879
0.0469435
0.0806456
0.0221916
0.0215458
0.21055
0.0118196
0.0208413
0.106794
0.107216
0.0897194
0.0597588
0.0301915
0.0413332
0.127034
0.130519
0.193159
0.131924
0.17886
0.0227002
0.0706763
0.199274
0.138063
0.144313
0.130489
0.161277
0.117033
0.117187
0.0166076
0.114492
0.0092585
0.00723676
0.186605
0.0545938
0.0256386
0.0562435
0.0867818
0.0203032
0.0395746
0.0295886
0.0466358
0.0389558
0.0132782
0.0189196
0.0401862
0.0130091
0.0591682
0.104497
0.0380817
0.164936
0.140905
0.0424259
0.099156
0.0644223
0.0412614
0.102419
0.0269165
0.0601054
0.0865146
0.184332
0.0549943
0.00921872
0.137035
0.145249
0.142538
0.183547
0.105538
0.0625285
0.0129804
0.0901966
0.0806238
0.0431486
0.040549
0.201395
0.127067
0.00267703
0.00943582
0.17434
0.0658555
0.0808919
0.0563847
0.0835145
0.0387069
0.132543
0.106976
0.146345
0.218309
0.0812191
0.0358545
0.0780814
0.160944
0.113034
0.0820413
0.136875
0.141651
0.111455
0.0911129
0.0661998
0.118761
0.205183
0.0170602
0.209196
0.154059
0.0323885
0.0869321
0.0390307
0.166598
0.0175915
0.0136279
0.117424
0.0256969
0.0848728
0.0924914
0.0791386
0.0668772
0.137055
0.0822951
0.106729
0.177625
0.0431059
0.181335
0.0986216
0.120354
0.0223851
0.114964
0.10274
0.143789
0.100047
0.112104
0.0228576
0.192048
0.103765
0.0773462
0.113008
0.0967524
0.00344485
0.170417
0.096836
0.0416551
0.00471625
0.0976038
0.0701325
0.100818
0.050414
0.0164202
0.103972
0.0329819
0.129234
0.0293376
0.0787066
0.094914
0.13957
0.0380926
0.0117831
0.0480232
0.03951
0.137613
0.0811872
0.17419
0.0610188
0.069167
0.132663
0.107065
0.0845712
0.132206
0.0357947
0.121743
0.0169223
0.0704172
0.0367451
0.131882
0.0752364
0.0263225
0.0466014
0.112617
0.0369322
0.0285282
0.0269371
0.0058752
0.103319
0.0512329
0.0380493
0.0332175
0.0353127
0.0696248
0.216633
0.0753939
0.0526546
0.137876
0.0535432
0.0221012
0.124368
0.204909
0.157624
0.061196
0.060856
0.151361
0.0842432
0.0180689
0.0316336
0.0316707
0.0348001
0.00575241
0.0848968
0.0564735
0.0156356
0.0289191
0.00172395
0.0178672
0.067312
0.0774064
0.0618075
0.0660807
0.196541
0.0630027
0.0673549
0.0250664
0.124357
0.0438385
0.148741
0.086364
0.0513104
0.106014
0.0988121
0.106461
0.0422153
0.013038
0.0165
0.0941916
0.0154461
0.0740802
0.00748087
0.0910484
0.0717057
0.0482288
0.0325871
0.175914
0.19311
0.208325
0.114667
0.0416806
0.0183469
0.131142
0.0470061
0.0576247
0.196566
0.00613056
0.13638
0.0195669
0.0614868
0.0655723
0.0298388
0.141501
0.0375551
0.0181584
0.0571172
0.0560262
0.037896
0.150875
0.00398097
0.0468335
0.0241484
0.0434565
0.0844796
0.195765
0.0350738
0.03312
0.0925017
0.0468335
0.00984994
0.0983492
0.0754751
0.131366
0.171973
0.148003
0.0536571
0.0809287
0.0403557
0.102638
0.0534194
0.112011
0.0799349
0.0537781
0.0528269
0.0607081
0.101192
0.0965625
0.0324639
0.0306928
0.0349972
0.0179367
0.00600363
0.0615893
0.148901
0.0492451
0.187795
0.0377653
0.0448975
0.11308
0.0844149
0.0338986
0.0168744
0.00940407
0.0598889
0.0933891
0.00673834
0.192398
0.0393645
0.0836535
0.0133612
0.00487995
0.017967
0.0603282
0.181162
0.0362946
0.0408318
0.0783757
0.035037
0.0835988
0.168722
0.0654909
0.0649184
0.0407014
0.118355
0.0394163
0.0554305
0.0295113
0.0934168
0.00266583
0.00211061
0.00496244
0.0158326
0.156165
0.0594038
0.00389334
0.0790222
0.144425
0.101754
0.152217
0.148289
0.156354
0.186535
0.010845
0.0320589
0.185306
0.125993
0.0547559
0.0265038
0.0338913
0.187962
0.033521
0.011326
0.0840347
0.00720814
0.180147
0.100187
0.0644455
0.0544731
0.158171
0.0291963
0.0353541
0.136686
0.0755461
0.170125
0.022316
0.0362809
0.00983082
0.139241
0.160953
0.0313582
0.0976013
0.0217627
0.0632667
0.0383894
0.0426707
0.150873
0.0022056
0.0704372
0.0746909
0.0654945
0.0624123
0.0811848
0.018482
0.133775
0.0983188
0.0293356
0.0545112
0.15153
0.0136417
0.112093
0.04368
0.00355189
0.0518099
0.0605728
0.0828605
0.0955799
0.0918754
0.0725445
0.0311594
0.0529388
0.00642092
0.0503676
0.0561452
0.0955477
0.00378211
0.0796237
0.0966562
0.0982061
0.131494
0.121756
0.0911172
0.19126
0.107405
0.170858
0.117112
0.0533722
0.0707154
0.0434704
0.144714
0.0934671
0.1057
0.155001
0.0904587
0.154197
0.0994129
0.0182289
0.085991
0.0476506
0.125061
0.104198
0.0724271
0.0754946
0.0398184
0.0966318
0.160292
0.115991
0.0287988
0.0748447
0.0431766
0.0738301
0.0086467
0.0736064
0.0262687
0.156171
0.0298422
0.0483069
0.168565
0.0560999
0.0594414
0.070411
0.03625
0.0963131
0.087913
0.0168595
0.0860558
0.193597
0.0570229
0.153575
0.0249443
0.124661
0.027497
0.0652022
0.0590329
0.0945938
0.133732
0.0124893
0.143382
0.0587381
0.0461348
0.167614
0.088273
0.0696592
0.136067
0.0283991
0.0866295
0.0720083
0.192313
0.0740896
0.0365757
0.0311698
0.104495
0.0781112
0.0271155
0.0863486
0.043387
0.0537428
0.000548051
0.110809
0.000947839
0.101148
0.0604002
0.00449437
0.0468209
0.136369
0.0931215
0.129001
0.187214
0.0777024
0.148441
0.062309
0.11914
0.0497662
0.097982
0.0564061
0.0240565
0.150322
0.0649193
0.06456
0.0649566
0.0912586
0.106505
0.0325288
0.165146
0.0930367
0.198011
0.0376605
0.159117
0.135314
0.140965
0.158225
0.0660422
0.089072
0.0199958
0.0549733
0.154283
0.107075
0.00687238
0.0187526
0.118205
0.061659
0.0711923
0.0695542
0.0425597
0.1782
0.0448022
0.030772
0.0166852
0.073792
0.00844019
0.0172373
0.042768
0.0691279
0.0804167
0.11323
0.157664
0.0790865
0.10616
0.024033
0.093979
0.0621054
0.0265982
0.221864
0.204321
0.0848195
0.018967
0.127403
0.0307783
0.108393
0.0957118
0.0186069
0.176899
0.0888563
0.109775
0.199459
0.0880601
0.0272485
0.22181
0.0320029
0.102454
0.0617832
0.155723
0.0215853
0.210004
0.165056
0.0538367
0.08298
0.0910697
0.104225
0.119015
0.0339543
0.0305908
0.113912
0.201292
0.109951
0.0527738
0.0325647
0.174959
0.102912
0.0458161
0.0911032
0.0130357
0.00476921
0.0563597
0.0314043
0.140369
0.131394
0.0862632
0.199923
0.0464951
0.130579
0.0184272
0.0430694
0.0413532
0.0615213
0.00672852
0.0702735
0.0261549
0.0797724
0.0608833
0.107666
0.0327914
0.0600347
0.180452
0.100953
0.0396248
0.115679
0.134231
0.144331
0.0647227
0.158736
0.0370881
0.144477
0.124626
0.0567908
0.163822
0.19898
0.0300377
0.121003
0.105048
0.169308
0.0939343
0.0288776
0.0594857
0.104853
0.0438499
0.0867291
0.0232031
0.195142
0.0926005
0.11609
0.0923813
0.147668
0.014514
0.133609
0.0381036
0.182705
0.0891041
0.0109449
0.20079
0.092939
0.130773
0.0529016
0.0779965
0.0788362
0.0518388
0.17262
0.0583901
0.0328314
0.0730716
0.0273866
0.0281954
0.0380857
0.0510767
0.0397493
0.0362631
0.0937035
0.0640531
0.0554341
0.0242482
0.0766939
0.00566417
0.0419909
0.0110709
0.18617
0.0375555
0.115114
0.0160506
0.0619673
0.0775414
0.201713
0.128967
0.0231714
0.120428
0.149206
0.0796081
0.0174591
0.056774
0.0367925
0.0698695
0.174801
0.0620403
0.0438057
0.174826
0.0183314
0.126933
0.078869
0.0437656
0.0891796
0.1324
0.0729198
0.0237125
0.0377565
0.0566185
0.00633133
0.0264313
0.0754348
0.113305
0.152525
0.0991099
0.158428
0.138626
0.0229259
0.017979
0.0524777
0.0266375
0.0770119
0.0297884
0.166995
0.00658264
0.0195407
0.0125225
0.105232
0.202893
0.0376901
0.0902553
0.0380114
0.223566
0.0961826
0.0630123
0.116683
0.0626353
0.0802828
0.0806947
0.182439
0.0361441
0.174417
0.112832
0.149655
0.122914
0.11241
0.120792
0.00691672
0.021391
0.0520424
0.121477
0.11591
0.0732737
0.0261296
0.0678499
0.140811
0.100448
0.0834022
0.112971
0.107034
0.0629674
0.0333686
0.0433829
0.139688
0.0853985
0.0743727
0.058738
0.132001
0.118683
0.129763
0.0435214
0.106187
0.0635639
0.0903571
0.0679481
0.0153943
0.0149438
0.0213829
0.0563421
0.113463
0.0934544
0.112606
0.117435
0.110172
0.163646
0.0160082
0.0530361
0.0777232
0.127768
0.0295675
0.0494173
0.114371
0.00729662
0.0190016
0.137911
0.0998771
0.051111
0.0616777
0.15005
0.0179737
0.141756
0.0589222
0.0665777
0.0735595
0.0174771
0.020059
0.120052
0.0790682
0.095072
0.0304266
0.0477237
0.0254822
0.108386
0.0499051
0.153959
0.175341
0.0303647
0.0169337
0.121715
0.019819
0.0581147
0.0981982
0.180973
0.0444192
0.0291247
0.122467
0.0349275
0.0739456
