0.109669
0.0197271
0.0883544
0.0354524
0.0852467
0.0372248
0.0297367
0.184542
0.0910023
0.0595919
0.0433514
0.00418799
0.0358511
0.106718
0.0628658
0.0724613
0.223337
0.114555
0.105948
0.0945912
0.0509732
0.172406
0.121878
0.0629994
0.143761
0.0432674
0.0209051
0.0796648
0.075523
0.055602
0.0375178
0.0438918
0.0451701
0.104454
0.0594021
0.0641671
0.0703131
0.0889042
0.0312449
0.208503
0.131848
0.0885065
0.0356831
0.0469352
0.00729395
0.174655
0.132047
0.0179557
0.0363539
0.00711767
0.0311397
0.0483209
0.210981
0.0249862
0.0126376
0.00618368
0.169512
0.0479422
0.0312137
0.0659747
0.048802
0.048186
0.162595
0.00193521
0.0115899
0.0429945
0.127641
0.0751544
0.0814077
0.0923622
0.0878645
0.0575019
0.0386788
0.00180615
0.0751272
0.0551936
0.123224
0.0418695
0.112396
0.0121799
0.145615
0.0240592
0.0528165
0.0328311
0.0753955
0.0560389
0.0310829
0.0552833
0.0591534
0.10978
0.0811242
0.0976784
0.0375602
0.0244948
0.0565906
0.126495
0.0731442
0.0258189
0.0701327
0.158269
0.111448
0.0476053
0.121945
0.00566645
0.111654
0.00378903
0.025802
0.0112499
0.0337063
0.0608445
0.0312842
0.107982
0.0215825
0.0570772
0.156127
0.0618966
0.0244373
0.10124
0.0583909
0.0988986
0.0123854
0.0756774
0.122695
0.0661049
0.124034
0.00637517
0.0364249
0.0244364
0.0844
0.121546
0.0277509
0.083852
0.0560185
0.0979303
0.0541553
0.0941725
0.0618769
0.147949
0.154253
0.0113885
0.0568639
0.165941
0.107501
0.098858
0.00652503
0.00878837
0.00998134
0.068443
0.0459863
0.189009
0.206633
0.0724512
0.0670947
0.158855
0.112343
0.198794
0.0148125
0.0596265
0.0264784
0.0448424
0.129519
0.0892776
0.197995
0.0285461
0.0480749
0.116816
0.0682286
0.12742
0.157898
0.0065436
0.184265
0.0286724
0.142541
0.0903656
0.0860215
0.127045
0.075942
0.0124783
0.0366537
0.087908
0.16812
0.0214191
0.0258933
0.00398391
0.137083
0.140775
0.0344835
0.0184632
0.162104
0.0254924
0.116689
0.0451822
0.0466203
0.209799
0.0186084
0.169186
0.0755474
0.129858
0.113577
0.0940323
0.139586
0.071001
0.20489
0.0953425
0.0210887
0.110727
0.0870111
0.0845577
0.0403105
0.167654
0.0760317
0.0443736
0.0523286
0.0127534
0.0270757
0.0901894
0.00584902
0.0540099
0.0462945
0.125157
0.0890691
0.0119302
0.176605
0.0249347
0.150522
0.0385015
0.113689
0.0584218
0.0292439
0.186158
0.108124
0.0610147
0.0807994
0.0669402
0.142211
0.0995275
0.107851
0.0682647
0.0754446
0.018302
0.0585575
0.00175947
0.0836024
0.0423162
0.1325
0.150256
0.0414342
0.183978
0.0691515
0.0163284
0.109062
0.0466488
0.154036
0.0981907
0.0629355
0.0724357
0.0504973
0.14734
0.0059215
0.0370552
0.0614462
0.215956
0.0587657
0.103077
0.03
0.0204013
0.0420499
0.0219949
0.124651
0.0238169
0.103446
0.0324211
0.119447
0.0490502
0.0618927
0.106658
0.10722
0.20973
0.100979
0.070854
0.0228218
0.0824037
0.116847
0.123487
0.107466
0.0438925
0.0246653
0.0276618
0.141572
0.160879
0.211976
0.0757135
0.0995634
0.0500554
0.0530635
0.0813304
0.0744749
0.100507
0.0834398
0.12911
0.0816621
0.110769
0.0128598
0.012751
0.0679863
0.0861835
0.0996898
0.0424337
0.016214
0.0595106
0.0354683
0.0485276
0.130098
0.0553445
0.159109
0.0250302
0.105977
0.04302
0.143275
0.0658213
0.109346
0.0968621
0.117252
0.0299371
0.0458669
0.0913317
0.0164837
0.041832
0.0744178
0.0407836
0.0985557
0.00204173
0.10309
0.0541043
0.0489909
0.112181
0.0808687
0.0521102
0.123802
0.0336346
0.120942
0.0794501
0.131827
0.151649
0.061391
0.0331997
0.0210372
0.0391159
0.0500459
0.084141
0.052667
0.0440631
0.127679
0.0130522
0.0669177
0.0246436
0.0517931
0.0156371
0.129933
0.157961
0.117559
0.0859049
0.140774
0.0805669
0.0365057
0.0295733
0.0886429
0.103504
0.0386979
0.110248
0.118607
0.0469801
0.0337288
0.103116
0.0740854
0.0281362
0.0855139
0.0498366
0.0118089
0.144757
0.190496
0.0739394
0.0678167
0.0248495
0.0266711
0.111433
0.126113
0.187185
0.0682731
0.0384623
0.176399
0.127137
0.0208793
0.122207
0.107624
0.185418
0.0499721
0.103476
0.0933883
0.00945205
0.113868
0.107998
0.103813
0.0416448
0.0803032
0.140409
0.110067
0.0949701
0.12941
0.0221123
0.0544097
0.0552486
0.0734676
0.100699
0.0355374
0.111851
0.0691785
0.0461399
0.106886
0.118587
0.152351
0.125874
0.0772223
0.0247255
0.0681745
0.16337
0.0565191
0.0691639
0.0399254
0.0618148
0.170461
0.0324867
0.0114595
0.160408
0.141344
0.0922786
0.037413
0.0429483
0.0128198
0.140342
0.0341766
0.185188
0.0664332
0.0492148
0.163485
0.0744451
0.0836539
0.108955
0.0864498
0.0776032
0.090593
0.0530347
0.0901116
0.00722416
0.163239
0.0312174
0.127385
0.0982871
0.210297
0.00567002
0.139564
0.153902
0.0491197
0.0371172
0.120319
0.0748323
0.164214
0.024421
0.0131408
0.0579317
0.0703219
0.16476
0.120199
0.13105
0.0336351
0.0953077
0.00803485
0.100523
0.05669
0.0117481
0.0245639
0.0416899
0.131319
0.128145
0.0674812
0.026929
0.0714293
0.0869342
0.0250734
0.147758
0.103644
0.113794
0.0997557
0.0834611
0.0703051
0.213821
0.0300014
0.0743236
0.0579977
0.11516
0.0579912
0.091502
0.0535448
0.150234
0.0888937
0.00536238
0.142235
0.0864484
0.00130855
0.110655
0.0654911
0
0.00382382
0.136124
0.0476352
0.163461
0.137861
0.0920631
0.0702681
0.113886
0.0554391
0.00968643
0.0443681
0.0196502
0.0506452
0.0529867
0.0215348
0.0827587
0.129614
0.018597
0.12169
0.0672423
0.0195063
0.068327
0.0103519
0.00552519
0.028884
0.016818
0.0458062
0.0300642
0.111001
0.170525
0.00768484
0.0514905
0.0759603
0.0408495
0.0564575
0.100776
0.132114
0.041608
0.155881
0.0139858
0.168525
0.0667832
0.193948
0.153005
0.0749189
0.0360908
0.118103
0.0385379
0.0394752
0.190015
0.0663946
0.138098
0.125798
0.0394988
0.011044
0.0869896
0.0537218
0.0334261
0.0402647
0.0806836
0.0237405
0.179959
0.0896834
0.046944
0.0496017
0.0846864
0.158916
0.0537856
0.020588
0.12046
0.0449208
0.0349702
0.0930746
0.107675
0.0123655
0.0727967
0.0719939
0.172107
0.0445414
0.129919
0.018121
0.104179
0.156006
0.121365
0.168273
0.145464
0.0813837
0.140643
0.0625619
0.13167
0.026181
0.0669356
0.15828
0.00998393
0.108725
0.104014
0.0305018
0.0983489
0.101438
0.0761996
0.14215
0.0368669
0.0217795
0.0218008
0.0311541
0.0559136
0.140894
0.0374587
0.0512196
0.112891
0.142858
0.0787113
0.0284436
0.026823
0.0268658
0.0821596
0.141422
0.0331438
0.0997496
0.0789933
0.0674621
0.18006
0.0507463
0.0632293
0.0912084
0.101609
0.0263455
0.0423543
0.162871
0.0279999
0.0569581
0.0607841
0.026053
0.0693998
0.0331951
0.029375
0.011047
0.0363051
0.0451132
0.199293
0.082998
0.109939
0.075329
0.0219621
0.148287
0.0762729
0.0645541
0.145999
0.0479676
0.171143
0.123684
0.123894
0.0487056
0.134087
0.110087
0.0822628
0.0493377
0.087111
0.199198
0.143365
0.052563
0.0409088
0.119581
0.12659
0.130694
0.111226
0.124325
0.0395281
0.013128
0.0221442
0.109691
0.0719353
0.090062
0.0416419
0.0467573
0.0513058
0.106932
0.0791487
0.0513423
0.125924
0.0271892
0.0586754
0.0438895
0.0180051
0.0284572
0.134036
0.0655533
0.0155164
0.0390367
0.20406
0.00788771
0.0437566
0.121147
0.00702656
0.138393
0.00299447
0.056621
0.0844778
0.0834294
0.204093
0.0104288
0.192922
0.0568768
0.0984955
0.0877964
0.0923237
0.00722241
0.191947
0.0851443
0.0630454
0.12463
0.02789
0.0262005
0.0236942
0.0672937
0.102105
0.197195
0.188411
0.082482
0.157677
0.116206
0.070043
0.0598598
0.0354728
0.0529713
0.0162368
0.172062
0.0403531
0.00688201
0.197209
0.0742427
0.0490318
0.17054
0.00687983
0.1433
0.141785
0.021191
0.0324782
0.158317
0.115804
0.06517
0.055627
0.0538048
0.0198811
0.0738947
0.0168027
0.0202609
0.0878286
0.0716415
0.0389169
0.0814411
0.112898
0.0499427
0.123971
0.043414
0.0900363
0.0888753
0.0611651
0.070638
0.166247
0.0286926
0.100251
0.12658
0.118203
0.188882
0.186481
0.123091
0.0927308
0.113428
0.0469846
0.0700437
0.0388167
0.136956
0.0632698
0.0725332
0.0941787
0.20623
0.168388
0.0508438
0.0375689
0.063266
0.146014
0.0566405
0.0620943
0.114082
0.0153468
0.0382119
0.033841
0.06531
0.0938242
0.0148347
0.110811
0.0223517
0.00265792
0.101205
0.111213
0.028712
0.0182493
0.101953
0.0545488
0.0215549
0.145592
0.0416363
0.145664
0.0756872
0.0571988
0.121724
0.0624615
0.0710865
0.0343118
0.0910766
0.0607612
0.172372
0.0495825
0.206606
0.0129717
0.0507089
0.104876
0.0327882
0.0335492
0.0685011
0.0742906
0.181774
0.056068
0.0145577
0.0917452
0.0263488
0.0489954
0.207916
0.0535967
0.045064
0.0203996
0.0568239
0.125933
0.0896529
0.0909802
0.0987782
0.0334869
0.0110705
0.128496
0.0993297
0.0350764
0.201689
0.120721
0.076273
0.137432
0.00710359
0.146503
0.00560586
0.0294882
0.0955128
0.0252484
0.0500066
0.0221415
0.0478787
0.195051
0.0664959
0.0104175
0.0512368
0.00788411
0.0233433
0.0481878
0.0079373
0.0272016
0.106181
0.0236574
0.0488149
0.0303416
0.0161997
0.0560818
0.0967144
0.120952
0.0941954
0.15232
0.00300217
0.0040292
0.0307835
0.0230783
0.022089
0.0347733
0.0801798
0.113337
0.00989007
0.0672524
0.0304047
0.0286942
0.213082
0.0287669
0.0712747
0.146221
0.00993058
0.205927
0.0471977
0.082275
0.0140651
0.0321925
0.160768
0.0591386
0.105522
0.0448311
0.0600125
0.0777894
0.0382717
0.0245271
0.0411938
0.0287174
0.0271743
0.0559508
0.0226422
0.0307849
0.0397078
0.0814406
0.0183686
0.0329114
0.0919985
0.0735148
0.0816385
0.0646824
0.039868
0.0736119
0.0422221
0.0693336
0.00567575
0.0424263
0.0101167
0.0286704
0.00294764
0.120202
0.199141
0.0650459
0.220255
0.0627631
0.072625
0.167498
0.128502
0.152972
0.0729955
0.187501
0.0772983
0.0859836
0.0356565
0.145285
0.033665
0.099576
0.160677
0.0896827
0.0287173
0.0109143
0.128554
0.00368436
0.0214475
0.00995279
0.157802
0.0243803
0.0494603
0.100151
0.107956
0.0843651
0.111281
0.0870912
0.103984
0.0659563
0.0940786
0.180748
0.202329
0.0808226
0.0645223
0.117815
0.109181
0.0975148
0.123578
0.0245481
0.0981495
0.0908585
0.0272191
0.00713105
0.0345942
0.113269
0.0192008
0.0582368
0.123457
0.0623533
0.0912348
0.0734898
0.0751744
0.0439904
0.0897026
0.133078
0.0806751
0.0612903
0.160625
0.0826631
0.00335226
0.190348
0.1176
0.0570338
0.0996912
0.0988518
0.116362
0.015914
0.0434803
0.124251
0.0689045
0.0832261
0.0961628
0.106895
0.0734621
0.0213065
0.0751813
0.0464057
0.0334059
0.142346
0.161984
0.080309
0.176367
0.13155
0.11201
0.0185373
0.0148859
0.172032
0.0346205
0.138679
0.0737253
0.010518
0.0787221
0.00638333
0.11465
0.0104771
0.0296016
0.11252
0.0685897
0.0299118
0.0466101
0.147833
0.0164795
0.160875
0.0111136
0.128753
0.137394
0.0660386
0.0112978
0.0789805
0.0139462
0.0463316
0.0506186
0.0477226
0.0754214
0.0123468
0.0293623
0.191074
0.0868674
0.0451131
0.0140183
0.0523364
0.0636459
0.0718427
0.181077
0.0254653
0.0523197
0.0385389
0.103447
0.102197
0.112886
0.0897149
0.0320561
0.03617
0.0175467
0.0346533
0.179701
0.109669
0.0197271
0.0883544
0.0354524
0.0852467
0.0372248
0.0297367
0.184542
0.0910023
0.0595919
0.0433514
0.00418799
0.0358511
0.106718
0.0628658
0.0724613
0.223337
0.114555
0.105948
0.0945912
0.0509732
0.172406
0.121878
0.0629994
0.143761
0.0432674
0.0209051
0.0796648
0.075523
0.055602
0.0375178
0.0438918
0.0451701
0.104454
0.0594021
0.0641671
0.0703131
0.0889042
0.0312449
0.208503
0.131848
0.0885065
0.0356831
0.0469352
0.00729395
0.174655
0.132047
0.0179557
0.0363539
0.00711767
0.0311397
0.0483209
0.210981
0.0249862
0.0126376
0.00618368
0.169512
0.0479422
0.0312137
0.0659747
0.048802
0.048186
0.162595
0.00193521
0.0115899
0.0429945
0.127641
0.0751544
0.0814077
0.0923622
0.0878645
0.0575019
0.0386788
0.00180615
0.0751272
0.0551936
0.123224
0.0418695
0.112396
0.0121799
0.145615
0.0240592
0.0528165
0.0328311
0.0753955
0.0560389
0.0310829
0.0552833
0.0591534
0.10978
0.0811242
0.0976784
0.0375602
0.0244948
0.0565906
0.126495
0.0731442
0.0258189
0.0701327
0.158269
0.111448
0.0476053
0.121945
0.00566645
0.111654
0.00378903
0.025802
0.0112499
0.0337063
0.0608445
0.0312842
0.107982
0.0215825
0.0570772
0.156127
0.0618966
0.0244373
0.10124
0.0583909
0.0988986
0.0123854
0.0756774
0.122695
0.0661049
0.124034
0.00637517
0.0364249
0.0244364
0.0844
0.121546
0.0277509
0.083852
0.0560185
0.0979303
0.0541553
0.0941725
0.0618769
0.147949
0.154253
0.0113885
0.0568639
0.165941
0.107501
0.098858
0.00652503
0.00878837
0.00998134
0.068443
0.0459863
0.189009
0.206633
0.0724512
0.0670947
0.158855
0.112343
0.198794
0.0148125
0.0596265
0.0264784
0.0448424
0.129519
0.0892776
0.197995
0.0285461
0.0480749
0.116816
0.0682286
0.12742
0.157898
0.0065436
0.184265
0.0286724
0.142541
0.0903656
0.0860215
0.127045
0.075942
0.0124783
0.0366537
0.087908
0.16812
0.0214191
0.0258933
0.00398391
0.137083
0.140775
0.0344835
0.0184632
0.162104
0.0254924
0.116689
0.0451822
0.0466203
0.209799
0.0186084
0.169186
0.0755474
0.129858
0.113577
0.0940323
0.139586
0.071001
0.20489
0.0953425
0.0210887
0.110727
0.0870111
0.0845577
0.0403105
0.167654
0.0760317
0.0443736
0.0523286
0.0127534
0.0270757
0.0901894
0.00584902
0.0540099
0.0462945
0.125157
0.0890691
0.0119302
0.176605
0.0249347
0.150522
0.0385015
0.113689
0.0584218
0.0292439
0.186158
0.108124
0.0610147
0.0807994
0.0669402
0.142211
0.0995275
0.107851
0.0682647
0.0754446
0.018302
0.0585575
0.00175947
0.0836024
0.0423162
0.1325
0.150256
0.0414342
0.183978
0.0691515
0.0163284
0.109062
0.0466488
0.154036
0.0981907
0.0629355
0.0724357
0.0504973
0.14734
0.0059215
0.0370552
0.0614462
0.215956
0.0587657
0.103077
0.03
0.0204013
0.0420499
0.0219949
0.124651
0.0238169
0.103446
0.0324211
0.119447
0.0490502
0.0618927
0.106658
0.10722
0.20973
0.100979
0.070854
0.0228218
0.0824037
0.116847
0.123487
0.107466
0.0438925
0.0246653
0.0276618
0.141572
0.160879
0.211976
0.0757135
0.0995634
0.0500554
0.0530635
0.0813304
0.0744749
0.100507
0.0834398
0.12911
0.0816621
0.110769
0.0128598
0.012751
0.0679863
0.0861835
0.0996898
0.0424337
0.016214
0.0595106
0.0354683
0.0485276
0.130098
0.0553445
0.159109
0.0250302
0.105977
0.04302
0.143275
0.0658213
0.109346
0.0968621
0.117252
0.0299371
0.0458669
0.0913317
0.0164837
0.041832
0.0744178
0.0407836
0.0985557
0.00204173
0.10309
0.0541043
0.0489909
0.112181
0.0808687
0.0521102
0.123802
0.0336346
0.120942
0.0794501
0.131827
0.151649
0.061391
0.0331997
0.0210372
0.0391159
0.0500459
0.084141
0.052667
0.0440631
0.127679
0.0130522
0.0669177
0.0246436
0.0517931
0.0156371
0.129933
0.157961
0.117559
0.0859049
0.140774
0.0805669
0.0365057
0.0295733
0.0886429
0.103504
0.0386979
0.110248
0.118607
0.0469801
0.0337288
0.103116
0.0740854
0.0281362
0.0855139
0.0498366
0.0118089
0.144757
0.190496
0.0739394
0.0678167
0.0248495
0.0266711
0.111433
0.126113
0.187185
0.0682731
0.0384623
0.176399
0.127137
0.0208793
0.122207
0.107624
0.185418
0.0499721
0.103476
0.0933883
0.00945205
0.113868
0.107998
0.103813
0.0416448
0.0803032
0.140409
0.110067
0.0949701
0.12941
0.0221123
0.0544097
0.0552486
0.0734676
0.100699
0.0355374
0.111851
0.0691785
0.0461399
0.106886
0.118587
0.152351
0.125874
0.0772223
0.0247255
0.0681745
0.16337
0.0565191
0.0691639
0.0399254
0.0618148
0.170461
0.0324867
0.0114595
0.160408
0.141344
0.0922786
0.037413
0.0429483
0.0128198
0.140342
0.0341766
0.185188
0.0664332
0.0492148
0.163485
0.0744451
0.0836539
0.108955
0.0864498
0.0776032
0.090593
0.0530347
0.0901116
0.00722416
0.163239
0.0312174
0.127385
0.0982871
0.210297
0.00567002
0.139564
0.153902
0.0491197
0.0371172
0.120319
0.0748323
0.164214
0.024421
0.0131408
0.0579317
0.0703219
0.16476
0.120199
0.13105
0.0336351
0.0953077
0.00803485
0.100523
0.05669
0.0117481
0.0245639
0.0416899
0.131319
0.128145
0.0674812
0.026929
0.0714293
0.0869342
0.0250734
0.147758
0.103644
0.113794
0.0997557
0.0834611
0.0703051
0.213821
0.0300014
0.0743236
0.0579977
0.11516
0.0579912
0.091502
0.0535448
0.150234
0.0888937
0.00536238
0.142235
0.0864484
0.00130855
0.110655
0.0654911
0
0.00382382
0.136124
0.0476352
0.163461
0.137861
0.0920631
0.0702681
0.113886
0.0554391
0.00968643
0.0443681
0.0196502
0.0506452
0.0529867
0.0215348
0.0827587
0.129614
0.018597
0.12169
0.0672423
0.0195063
0.068327
0.0103519
0.00552519
0.028884
0.016818
0.0458062
0.0300642
0.111001
0.170525
0.00768484
0.0514905
0.0759603
0.0408495
0.0564575
0.100776
0.132114
0.041608
0.155881
0.0139858
0.168525
0.0667832
0.193948
0.153005
0.0749189
0.0360908
0.118103
0.0385379
0.0394752
0.190015
0.0663946
0.138098
0.125798
0.0394988
0.011044
0.0869896
0.0537218
0.0334261
0.0402647
0.0806836
0.0237405
0.179959
0.0896834
0.046944
0.0496017
0.0846864
0.158916
0.0537856
0.020588
0.12046
0.0449208
0.0349702
0.0930746
0.107675
0.0123655
0.0727967
0.0719939
0.172107
0.0445414
0.129919
0.018121
0.104179
0.156006
0.121365
0.168273
0.145464
0.0813837
0.140643
0.0625619
0.13167
0.026181
0.0669356
0.15828
0.00998393
0.108725
0.104014
0.0305018
0.0983489
0.101438
0.0761996
0.14215
0.0368669
0.0217795
0.0218008
0.0311541
0.0559136
0.140894
0.0374587
0.0512196
0.112891
0.142858
0.0787113
0.0284436
0.026823
0.0268658
0.0821596
0.141422
0.0331438
0.0997496
0.0789933
0.0674621
0.18006
0.0507463
0.0632293
0.0912084
0.101609
0.0263455
0.0423543
0.162871
0.0279999
0.0569581
0.0607841
0.026053
0.0693998
0.0331951
0.029375
0.011047
0.0363051
0.0451132
0.199293
0.082998
0.109939
0.075329
0.0219621
0.148287
0.0762729
0.0645541
0.145999
0.0479676
0.171143
0.123684
0.123894
0.0487056
0.134087
0.110087
0.0822628
0.0493377
0.087111
0.199198
0.143365
0.052563
0.0409088
0.119581
0.12659
0.130694
0.111226
0.124325
0.0395281
0.013128
0.0221442
0.109691
0.0719353
0.090062
0.0416419
0.0467573
0.0513058
0.106932
0.0791487
0.0513423
0.125924
0.0271892
0.0586754
0.0438895
0.0180051
0.0284572
0.134036
0.0655533
0.0155164
0.0390367
0.20406
0.00788771
0.0437566
0.121147
0.00702656
0.138393
0.00299447
0.056621
0.0844778
0.0834294
0.204093
0.0104288
0.192922
0.0568768
0.0984955
0.0877964
0.0923237
0.00722241
0.191947
0.0851443
0.0630454
0.12463
0.02789
0.0262005
0.0236942
0.0672937
0.102105
0.197195
0.188411
0.082482
0.157677
0.116206
0.070043
0.0598598
0.0354728
0.0529713
0.0162368
0.172062
0.0403531
0.00688201
0.197209
0.0742427
0.0490318
0.17054
0.00687983
0.1433
0.141785
0.021191
0.0324782
0.158317
0.115804
0.06517
0.055627
0.0538048
0.0198811
0.0738947
0.0168027
0.0202609
0.0878286
0.0716415
0.0389169
0.0814411
0.112898
0.0499427
0.123971
0.043414
0.0900363
0.0888753
0.0611651
0.070638
0.166247
0.0286926
0.100251
0.12658
0.118203
0.188882
0.186481
0.123091
0.0927308
0.113428
0.0469846
0.0700437
0.0388167
0.136956
0.0632698
0.0725332
0.0941787
0.20623
0.168388
0.0508438
0.0375689
0.063266
0.146014
0.0566405
0.0620943
0.114082
0.0153468
0.0382119
0.033841
0.06531
0.0938242
0.0148347
0.110811
0.0223517
0.00265792
0.101205
0.111213
0.028712
0.0182493
0.101953
0.0545488
0.0215549
0.145592
0.0416363
0.145664
0.0756872
0.0571988
0.121724
0.0624615
0.0710865
0.0343118
0.0910766
0.0607612
0.172372
0.0495825
0.206606
0.0129717
0.0507089
0.104876
0.0327882
0.0335492
0.0685011
0.0742906
0.181774
0.056068
0.0145577
0.0917452
0.0263488
0.0489954
0.207916
0.0535967
0.045064
0.0203996
0.0568239
0.125933
0.0896529
0.0909802
0.0987782
0.0334869
0.0110705
0.128496
0.0993297
0.0350764
0.201689
0.120721
0.076273
0.137432
0.00710359
0.146503
0.00560586
0.0294882
0.0955128
0.0252484
0.0500066
0.0221415
0.0478787
0.195051
0.0664959
0.0104175
0.0512368
0.00788411
0.0233433
0.0481878
0.0079373
0.0272016
0.106181
0.0236574
0.0488149
0.0303416
0.0161997
0.0560818
0.0967144
0.120952
0.0941954
0.15232
0.00300217
0.0040292
0.0307835
0.0230783
0.022089
0.0347733
0.0801798
0.113337
0.00989007
0.0672524
0.0304047
0.0286942
0.213082
0.0287669
0.0712747
0.146221
0.00993058
0.205927
0.0471977
0.082275
0.0140651
0.0321925
0.160768
0.0591386
0.105522
0.0448311
0.0600125
0.0777894
0.0382717
0.0245271
0.0411938
0.0287174
0.0271743
0.0559508
0.0226422
0.0307849
0.0397078
0.0814406
0.0183686
0.0329114
0.0919985
0.0735148
0.0816385
0.0646824
0.039868
0.0736119
0.0422221
0.0693336
0.00567575
0.0424263
0.0101167
0.0286704
0.00294764
0.120202
0.199141
0.0650459
0.220255
0.0627631
0.072625
0.167498
0.128502
0.152972
0.0729955
0.187501
0.0772983
0.0859836
0.0356565
0.145285
0.033665
0.099576
0.160677
0.0896827
0.0287173
0.0109143
0.128554
0.00368436
0.0214475
0.00995279
0.157802
0.0243803
0.0494603
0.100151
0.107956
0.0843651
0.111281
0.0870912
0.103984
0.0659563
0.0940786
0.180748
0.202329
0.0808226
0.0645223
0.117815
0.109181
0.0975148
0.123578
0.0245481
0.0981495
0.0908585
0.0272191
0.00713105
0.0345942
0.113269
0.0192008
0.0582368
0.123457
0.0623533
0.0912348
0.0734898
0.0751744
0.0439904
0.0897026
0.133078
0.0806751
0.0612903
0.160625
0.0826631
0.00335226
0.190348
0.1176
0.0570338
0.0996912
0.0988518
0.116362
0.015914
0.0434803
0.124251
0.0689045
0.0832261
0.0961628
0.106895
0.0734621
0.0213065
0.0751813
0.0464057
0.0334059
0.142346
0.161984
0.080309
0.176367
0.13155
0.11201
0.0185373
0.0148859
0.172032
0.0346205
0.138679
0.0737253
0.010518
0.0787221
0.00638333
0.11465
0.0104771
0.0296016
0.11252
0.0685897
0.0299118
0.0466101
0.147833
0.0164795
0.160875
0.0111136
0.128753
0.137394
0.0660386
0.0112978
0.0789805
0.0139462
0.0463316
0.0506186
0.0477226
0.0754214
0.0123468
0.0293623
0.191074
0.0868674
0.0451131
0.0140183
0.0523364
0.0636459
0.0718427
0.181077
0.0254653
0.0523197
0.0385389
0.103447
0.102197
0.112886
0.0897149
0.0320561
0.03617
0.0175467
0.0346533
0.179701
0.181133
0.180447
0.175792
0.030108
0.130061
0.0264587
0.0838208
0.139298
0.0792578
0.186551
0.0762192
0.0562729
0.10416
0.116511
0.097672
0.0319717
0.2093
0.0930428
0.124697
0.0119754
0.139549
0.0423331
0.0511746
0.118273
0.0529956
0.0900217
0.0912261
0.00559334
0.0710164
0.0693068
0.0157636
0.0339426
0.0218588
0.0561208
0.0601998
0.156214
0.0918365
0.0503586
0.0603501
0.0719565
0.071698
0.172323
0.079382
0.0280119
0.0859598
0.130588
0.053235
0.0725365
0.0395416
0.032942
0.157694
0.104611
0.147281
0.153441
0.0636217
0.0632125
0.143241
0.0143984
0.00206621
0.165798
0.0859785
0.122457
0.0353967
0.108079
0.179287
0.0735488
0.128627
0.0702587
0.143033
0.0451583
0.0296083
0.0643431
0.0728594
0.0273231
0.10261
0.0584048
0.0130848
0.114893
0.0131952
0.0286354
0.0810507
0.033529
0.0453942
0.142314
0.110434
0.0386782
0.0297285
0.111037
0.0986109
0.0350402
0.146537
0.0247415
0.022084
0.0826872
0.185079
0.0313224
0.103808
0.0755536
0.0298648
0.0635684
0.0855972
0.0417735
0.079889
0.0793008
0.0964329
0.177142
0.0874085
0.148373
0.0319441
0.0548098
0.03836
0.124319
0.139307
0.0543479
0.109166
0.0932688
0.0166007
0.118606
0.0644907
0.144616
0.0438401
0.0708209
0.179836
0.0211715
0.103173
0.123272
0.0688629
0.112687
0.0988407
0.0942018
0.0181951
0.0336454
0.121702
0.0237788
0.0373375
0.12262
0.199028
0.0967679
0.0303688
0.0968482
0.0889763
0.0664277
0.0289899
0.0745329
0.168583
0.0217219
0.0538987
0.0596357
0.0536956
0.0444861
0.0917658
0.0579
0.0618651
0.0597705
0.0710881
0.0874093
0.0673888
0.0663061
0.0932292
0.0938073
0.0977245
0.102513
0.206746
0.0225976
0.0614624
0.195191
0.104865
0.0821014
0.0960783
0.152774
0.155429
0.08387
0.0710309
0.0643253
0.053096
0.0856333
0.032906
0.0813162
0.151335
0.079511
0.0541889
0.0887401
0.0978833
0.00467683
0.0126347
0.106063
0.0360112
0.0485302
0.0119113
0.0276037
0.0180902
0.0637037
0.0273519
0.164136
0.128449
0.0170772
0.0374598
0.1432
0.038021
0.112246
0.140061
0.0783624
0.0995518
0.152277
0.0411619
0.0595211
0.0884914
0.219111
0.12172
0.188528
0.0563136
0.15578
0.152233
0.112803
0.0117279
0.0531881
0.0786572
0.183485
0.0942346
0.0474493
0.0851007
0.137444
0.123752
0.0405017
0.200831
0.184073
0.0435219
0.180686
0.0507074
0.0953453
0.103369
0.106234
0.0669149
0.00404826
0.0996456
0.0159643
0.0650884
0.0111542
0.0276263
0.142649
0.219969
0.0891517
0.0330128
0.164074
0.0954441
0.126438
0.0677213
0.0407945
0.00842727
0.0202922
0.155671
0.0815289
0.0901578
0.0601778
0.156754
0.0517839
0.0342641
0.0296846
0.139938
0.137196
0.106522
0.0496
0.0858912
0.0208731
0.0982268
0.0496844
0.0735927
0.153327
0.0606844
0.139461
0.132756
0.0515859
0.153596
0.0817281
0.10022
0.0833683
0.134762
0.0635053
0.0605953
0.0431147
0.0112322
0.0798239
0.0467124
0.101669
0.117959
0.0138974
0.0946329
0.0370277
0.10384
0.00596825
0.0713999
0.0500941
0.0629797
0.0263062
0.0941412
0.187282
0.146811
0.0337636
0.0813116
0.110175
0.00751132
0.0777174
0.147946
0.00970291
0.0497423
0.134296
0.15027
0.131212
0.0193758
0.11607
0.0837676
0.104843
0.105046
0.174878
0.127392
0.00969887
0.0350772
0.056576
0.0228807
0.141754
0.0670823
0.127184
0.0245315
0.0881556
0.0403088
0.0370176
0.0294415
0.0820233
0.0835413
0.139576
0.063211
0.0616191
0.0247112
0.0927
0.0209251
0.0474991
0.0110658
0.109854
0.0534197
0.00671033
0.0163248
0.00245265
0.0333706
0.0290136
0.0728164
0.148812
0.0609952
0.0537337
0.0845918
0.0965422
0.0179542
0.140716
0.0166456
0.0216901
0.0228578
0.0999529
0.108619
0.12222
0.0649773
0.192379
0.120268
0.0599554
0.15654
0.0140504
0.0369061
0.0494875
0.140722
0.018684
0.203135
0.00318585
0.085548
0.0832033
0.0934604
0.0475871
0.0280606
0.00747746
0.0377661
0.113162
0.0102231
0.15755
0.16328
0.12726
0.216127
0.0439585
0.138799
0.0304136
0.0180118
0.0375049
0.0546127
0.14183
0.044904
0.0583299
0.0152766
0.0758855
0.0143593
0.103817
0.0650655
0.170153
0.086413
0.172988
0.0602042
0.00950805
0.0304589
0.0160584
0.00914879
0.101512
0.052653
0.0738337
0.189325
0.171109
0.202121
0.078922
0.0770862
0.0529654
0.085464
0.045935
0.0532803
0.0545732
0.114431
0.120977
0.0734604
0.0775996
0.139321
0.0728759
0.0189431
0.192249
0.0205559
0.0219747
0.0351199
0.0654432
0.035747
0.00775109
0.029307
0.120846
0.012317
0.0144049
0.0496131
0.0821185
0.019989
0.0903597
0.155158
0.16685
0.0498704
0.0351456
0.0397258
0.0205483
0.11311
0.0552215
0.102235
0.0898443
0.112863
0.0123063
0.0420015
0.042928
0.0726168
0.214788
0.113549
0.0608864
0.0681578
0.0636545
0.0425187
0.206639
0.0877855
0.0518847
0.0399341
0.0859873
0.107129
0.0958073
0.097073
0.0718069
0.0241395
0.0579797
0.051682
0.0485084
0.0309282
0.104199
0.0315116
0.0947837
0.0801875
0.0597795
0.112172
0.141568
0.052033
0.18714
0.038106
0.0105132
0.0318832
0.186872
0.0118279
0.0333251
0.137827
0.114771
0.0279335
0.0458585
0.104144
0.0241669
0.1828
0.160608
0.0182165
0.0402152
0.0193466
0.0962292
0.0484397
0.0657664
0.127775
0.0432717
0.00349996
0.0258349
0.0160287
0.131526
0.0600902
0.0146893
0.10462
0.138744
0.0376157
0.0911277
0.0915381
0.12203
0.166124
0.179576
0.0527399
0.0812957
0.0623036
0.114183
0.016203
0.0536024
0.12446
0.082385
0.0923878
0.0305789
0.170749
0.150147
0.113712
0.0981136
0.0615836
0.0726343
0.0855798
0.0115538
0.0521444
0.163034
0.0966692
0.0349795
0.131131
0.0891963
0.0888508
0.108376
0.0338596
0.105683
0.0746488
0.0816312
0.178411
0.0679767
0.201751
0.178428
0.113031
0.135942
0.0969263
0.075754
0.141146
0.0475543
0.184639
0.0116832
0.0208708
0.151436
0.0905751
0.114854
0.119408
0.0846407
0.0957843
0.0416303
0.0444605
0.0273653
0.0678231
0.104264
0.00392763
0.0393659
0.00293673
0.010093
0.0350199
0
0.114287
0.0827617
0.0683331
0.0233039
0.153282
0.0154443
0.136195
0.0752477
0.0392652
0.00175519
0.0882117
0.0116226
0.0926999
0.0994353
0.0240331
0.125467
0.151973
0.0337231
0.200795
0.0762252
0.0634185
0.0744812
0.148612
0.157978
0.0630378
0.0540171
0.0772121
0.0897247
0.0279977
0.0318702
0.0784027
0.0669783
0.175008
0.0544797
0.094241
0.159238
0.00551563
0.00362024
0.00157424
0.111555
0.180765
0.0382803
0.0308382
0.0846006
0.108201
0.175122
0.04585
0.153391
0.0424081
0.0368236
0.0903986
0.158757
0.0379647
0.0932409
0.0805893
0.00686048
0.0393869
0.092171
0.0388453
0.066332
0.0253284
0.0343397
0.189161
0.0718441
0.143032
0.0765508
0.0375896
0.127645
0.12679
0.115571
0.0703382
0.100212
0.141655
0.0730351
0.125648
0.108948
0.0193249
0.0243235
0.042729
0.174311
0.176786
0.187591
0.115074
0.0922004
0.0664069
0.037859
0.065175
0.204868
0.0371998
0.0636901
0.049998
0.0145704
0.048364
0.0963092
0.0874558
0.0551048
0.0381057
0.158425
0.0830944
0.0735813
0.0639807
0.0379663
0.159974
0.205693
0.0737595
0.0513025
0.134502
0.106077
0.0665298
0.0538652
0.0439427
0.0390079
0.0202204
0.069707
0.193936
0.0239449
0.215494
0.113011
0.120243
0.0903615
0.220444
0.044365
0.057347
0.0147992
0.101498
0.0423756
0.156009
0.111814
0.207107
0.117982
0.0432058
0.0537707
0.00678783
0.20306
0.0959022
0.0647719
0.0316504
0.0239598
0.150652
0.100261
0.0300683
0.0216031
0.0551283
0.104435
0.0279945
0.179244
0.0607729
0.147828
0.079658
0.123623
0.027867
0.0642041
0.00915437
0.0132933
0.094836
0.128157
0.00506788
0.0637232
0.0156025
0.151925
0.0175886
0.00563994
0.0945833
0.122418
0.0250277
0.0710206
0.0117644
0.102736
0.0348822
0.0901821
0.0148046
0.0554124
0.0710739
0.0345317
0.0877096
0.122618
0.0917573
0.0296549
0.0335751
0.19254
0.0165027
0.125801
0.0737417
0.0812006
0.0392339
0.0367378
0.0299234
0.0553232
0.00315343
0.11886
0.0892641
0.0724544
0.049258
0.0654515
0.0703307
0.0703682
0.0601421
0.125751
0.177334
0.189698
0.00430085
0.0246117
0.038934
0.0132251
0.0521186
0.157421
0.0146123
0.125918
0.0715768
0.0385895
0.13886
0.179706
0.0698036
0.0804125
0.0221005
0.0182235
0.0787462
0.0768352
0.0448972
0.0256512
0.0789912
0.0732778
0.0405549
0.0757157
0.00872627
0.110776
0.018808
0.0898193
0.0278415
0.0702586
0.0684931
0.0376733
0.0853242
0.149177
0.0332677
0.12296
0.0386132
0.0839917
0.179945
0.0601446
0.0895565
0.174884
0.0150225
0.0461079
0.01519
0.0398424
0.101474
0.136833
0.117263
0.105567
0.0155132
0.124851
0.0187584
0.0833155
0.0779408
0.00632996
0.0165143
0.0222315
0.0754722
0.00342253
0.0739107
0.123716
0.0146167
0.14595
0.032233
0.123055
0.0278148
0.180026
0.0837276
0.0504625
0.113305
0.0385538
0.103546
0.202248
0.0193902
0.190475
0.0433159
0.0387214
0.154475
0.0519817
0.0181038
0.114395
0.0637874
0.0342806
0.051043
0.0675108
0.0664965
0.0409577
0.187935
0.0403628
0.0574588
0.0189126
0.0517683
0.0108959
0.00977047
0.106423
0.0913352
0.0911
0.169029
0.0731712
0.0202487
0.153448
0.004084
0.0442802
0.112859
0.0135262
0.0707361
0.0751659
0.00406092
0.0505541
0.0336917
0.0409591
0.13561
0.062376
0.117359
0.159609
0.074049
0.0566044
0.152143
0.204381
0.0382622
0.0469347
0.0355935
0.150814
0.124771
0.109818
0.0284965
0.020489
0.00339787
0.124321
0.156481
0.0422063
0.180944
0.00930898
0.0736053
0.137622
0.0991291
0.0583241
0.0496056
0.041486
0.01396
0.0298434
0.0146311
0.00168031
0.0639079
0.154146
0.11495
0.0106476
0.0237187
0.135306
0.0780502
0.0496209
0.110372
0.00638413
0.0890853
0.080211
0.0584546
0.101517
0.101198
0.106925
0.0123958
0.0268294
0.00737114
0.00403214
0.00646388
0.0578602
0.144905
0.159425
0.0630819
0.111589
0.0706063
0.021634
0.0717502
0.104586
0.153145
0.115342
0.0141768
0.0520915
0.0304767
0.139793
0.0733517
0.0978326
0.0167581
0.0616417
0.0683824
0.113767
0.0352019
0.0377274
0.104946
0.0996132
0.0399998
0.100063
0.193456
0.0360743
0.110664
0.0159406
0.128405
0.138668
0.128372
0.0210107
0.132701
0.0865049
0.0431999
0.0326511
0.195799
0.0921274
0.110054
0.100709
0.00544145
0.122305
0.0732144
0.0855903
0.0210466
0.0515701
0.067134
0.143715
0.0992363
0.0228928
0.00735515
0.0530084
0.032714
0.0337416
0.0809289
0.140283
0.112007
0.0858144
0.130735
0.0117639
0.010558
0.139537
0.128163
0.210903
0.0172192
0.0911182
0.0111347
0.029618
0.0523483
0.0385182
0.0604829
0.0351476
0.0872133
0.157911
0.0510563
0.0802379
0.212986
0.0194099
0.026438
