0.0185992
0.0496421
0.00967978
0.163575
0.0813893
0.077438
0.191069
0.011125
0.0567199
0.080734
0.0496616
0.0550001
0.0611062
0.181942
0.130054
0.130883
0.0710196
0.0356255
0.125985
0.0468323
0.0956823
0.104722
0.153154
0.0715888
0.116946
0.0344642
0.0599736
0.0891728
0.103467
0.135376
0.0738855
0.0263117
0.0977661
0.217935
0.103744
0.0530704
0.12303
0.0713567
0.120641
0.172098
0.0180846
0.110723
0.0405678
0.0799638
0.160544
0.0224487
0.057491
0.0901422
0.0754432
0.107172
0.0712446
0.0187146
0.0207739
0.00606774
0.0582597
0.0765563
0.0420503
0.0153772
0.184131
0.168549
0.101638
0.051712
0.0606565
0.0401303
0.0214104
0.069805
0.0568368
0.0500762
0.0243495
0.0422778
0.116403
0.0185058
0.07904
0.19436
0.0301539
0.212596
0.187312
0.0912566
0.00319124
0.0445417
0.0474074
0.0559686
0.122991
0.0612096
0.123713
0.169148
0.150516
0.184201
0.0671375
0.0913513
0.141451
0.0414183
0.0563136
0.0787405
0.200231
0.0787331
0.111123
0.0392449
0.124904
0.0885822
0.0352355
0.0426355
0.0978223
0.150024
0.0393928
0.0299018
0.0904488
0.0420987
0.200911
0.0899783
0.156613
0.0532199
0.0232951
0.0298109
0.120727
0.0132361
0.00387221
0.0647206
0.00398679
0.157611
0.0860121
0.188253
0.136205
0.0586533
0.0257407
0.186441
0.141105
0.0115309
0.0216196
0.145361
0.143641
0.124925
0.167278
0.165731
0.0832605
0.201494
0.0418925
0.103579
0.163378
0.00685102
0.166212
0.0204282
0.0211412
0.0326463
0.107781
0.059684
0.163687
0.0887659
0.0959637
0.00383292
0.0458338
0.0341924
0.0979344
0.11355
0.189844
0.107712
0.0718831
0.113448
0.0099635
0.080689
0.138015
0.109989
0.030118
0.0141349
0.028369
0.0240562
0.187377
0.079554
0.0785159
0.118728
0.081999
0.0211302
0.164327
0.0317345
0.111023
0.116917
0.0308444
0.0305429
0.199744
0.0754432
0.05197
0.0504483
0.0579356
0.20396
0.0676431
0.0868677
0.0720484
0.073446
0.141796
0.046236
0.123183
0.0340827
0.0663944
0.0965285
0.149561
0.090924
0.137475
0.091697
0.0295325
0.0286718
0.0152322
0.0757709
0.0419031
0.0627294
0.033832
0.0200051
0.00734812
0.0601665
0.0160989
0.0126073
0.0770114
0.104662
0.0697362
0.118512
0.0133026
0.022237
0.0828586
0.0821703
0.036998
0.0150458
0.0644114
0.132245
0.0336728
0.195355
0.149448
0.172095
0.0619151
0.14388
0.149316
0.174696
0.0216852
0.216265
0.0305096
0.00290311
0.0127611
0.143095
0.0581904
0.126526
0.114249
0.0870078
0.0379823
0.0617129
0.175159
0.062634
0.0700463
0.03882
0.109932
0.0738291
0.0366296
0.0783811
0.0897513
0.0607622
0.0234956
0.157793
0.121481
0.0802644
0.104892
0.0941892
0.169343
0.0483344
0.0933891
0.0248028
0.11649
0.0244282
0.0260938
0.157292
0.0154966
0.1142
0.140417
0.130405
0.0920543
0.028704
0.0633582
0.140496
0.170075
0.115099
0.0244559
0.0986488
0.173586
0.0894813
0.0319907
0.00874873
0.0107231
0.0274793
0.00558818
0.0751264
0.0746969
0.175457
0.104737
0.159371
0.025798
0.221249
0.0178733
0.0644193
0.108812
0.0448468
0.192124
0.00128254
0.212885
0.0435117
0.0179843
0.060597
0.0965012
0.0370538
0.0755963
0.0744203
0.0404466
0.0531886
0.152113
0.0518222
0.161368
0.11356
0.070195
0.103745
0.0838481
0.163588
0.0025721
0.119422
0.0316836
0.0405803
0.0151782
0.116765
0.0104607
0.125563
0.0169524
0.0323725
0.0383936
0.0437859
0.198223
0.0183261
0.03659
0.148754
0.106699
0.0391937
0.139606
0.0392457
0.192711
0.0573764
0.0614926
0.0912307
0.0865513
0.155451
0.0531971
0.130785
0.0374324
0.15409
0.104662
0.227193
0.0912446
0.0544306
0.0231628
0.112333
0.077654
0.0581884
0.00182844
0.0259241
0.0417257
0.016334
0.0161689
0.00130772
0.0753972
0.0519562
0.0787973
0.189513
0.137156
0.136628
0.211104
0.0618733
0.168548
0.0503278
0.169947
0.0722473
0.0538985
0.0509185
0.0742134
0.0693774
0.162271
0.133575
0.149341
0.0315147
0.0172656
0.0374305
0.135669
0.0192997
0.196185
0.119829
0.201322
0.0652765
0.0641947
0.03239
0.0780216
0.113525
0.130905
0.0771136
0.182239
0.0439191
0.0989818
0.066012
0.0246136
0.0517915
0.118889
0.023855
0.0503215
0.0361892
0.203668
0.0503181
0.0842428
0.0114736
0.0484103
0.132418
0.0970641
0.0783088
0.0707766
0.017007
0.0918533
0.0531349
0.0764841
0.0348632
0.0488324
0.0305589
0.123455
0.0930946
0.202513
0.0536233
0.170551
0.0908991
0.0247455
0.0697847
0.00207895
0.121721
0.0823916
0.148782
0.0350736
0.00894476
0.13888
0.0323655
0.169423
0.062362
0.0688096
0.20598
0.114217
0.122878
0.0535306
0.0158058
0.103445
0.0736094
0.158069
0.0480733
0.00560082
0.137584
0.0146325
0.0353776
0.0795955
0.0251148
0.0331379
0.11204
0.0258543
0.10309
0.0760272
0.0462926
0.0586534
0.0299089
0.0323989
0.03765
0.0775478
0.00197189
0.144628
0.0415943
0.164848
0.080982
0.0396546
0.109588
0.0540265
0.0463365
0.0386615
0.0623838
0.159985
0.108431
0.0771126
0.123787
0.0905796
0.0389841
0.0525046
0.101384
0.195258
0.00902069
0.16241
0.0418991
0.0206141
0.0161791
0.0610999
0.0146709
0.0670389
0.0434302
0.0153202
0.0215401
0.0993126
0.0421598
0.0726974
0.0362377
0.0330257
0.0118192
0.0534993
0.0799247
0.0508278
0.0700688
0.136554
0.0516287
0.0109077
0.0202492
0.0618052
0.042878
0.0623507
0.161867
0.0123589
0.013938
0.101474
0.0430374
0.030452
0.0683974
0.160482
0.0643713
0.0313384
0.193041
0.172367
0.134445
0.0151334
0.0113283
0.0643497
0.0695693
0.065548
0.104293
0.0876762
0.0262898
0.038038
0.0522843
0.0552296
0.101116
0.0833273
0.191824
0.00829941
0.0229973
0.0116857
0.0428316
0.0527251
0.123426
0.154034
0.0574652
0.0886192
0.0539721
0.161341
0.0539173
0.0513703
0.0619214
0.0656674
0.00674748
0.0986997
0.113477
0.0194346
0.0708282
0.0414878
0.0516232
0.0157773
0.191904
0.0913428
0.0455071
0.020156
0.0202896
0.112804
0.0982259
0.178603
0.0474529
0.0801586
0.101164
0.0702826
0.141756
0.0235679
0.0602999
0.0218333
0.106221
0.0677739
0.0706048
0.0418559
0.0672768
0.0197491
0.122749
0.184063
0.084003
0.165409
0.0152279
0.0973977
0.112818
0.000794197
0.0471353
0.0927169
0.0348277
0.0991316
0.0194038
0.0505757
0.0380586
0.103232
0.0871271
0.0878133
0.106872
0.0530526
0.0609533
0.0300999
0.0280195
0.104753
0.0184566
0.0508746
0.00616638
0.168044
0.125986
0.0819667
0.0123096
0.0599108
0.141466
0.0352126
0.107034
0.0371804
0.0435896
0.0631393
0.0908009
0.0510742
0.105651
0.100225
0.0507063
0.069716
0.128228
0.144652
0.0611301
0.0697001
0.0845015
0.111069
0.0146404
0.0524388
0.100103
0.012662
0.0750989
0.0742097
0.00402995
0.0282561
0.00979875
0.0774609
0.0392911
0.154716
0.184396
0.121866
0.184783
0.0657774
0.0221335
0.0765912
0.0819261
0.0839991
0.0128787
0.120566
0.0133611
0.036197
0.0806269
0.0389122
0.0690604
0.0121374
0.127033
0.0475619
0.114124
0.0376862
0.216836
0.0394709
0.106023
0.0313456
0.14382
0.0346553
0.0470468
0.0778885
0.170752
0.0873717
0.174838
0.0381226
0.076298
0.0157719
0.0639112
0.0518769
0.134988
0.1288
0.0677319
0.0530868
0.0493376
0.0322354
0.0311568
0.0431917
0.164376
0.0552166
0.0712698
0.0763295
0.0943885
0.0192617
0.0445933
0.0746543
0.0798156
0.145223
0.00689988
0.0563795
0.0473872
0.00482555
0.108681
0.0355414
0.0199808
0.040234
0.118003
0.0588887
0.0331793
0.000904839
0.0886002
0.0937428
0.0571354
0.065245
0.00656705
0.054296
0.0474704
0.0854742
0.121585
0.0719169
0.0382417
0.0419775
0.0810827
0.161889
0.0178982
0.029447
0.014309
0.121458
0.161786
0.176334
0.0199065
0.00422396
0.0790708
0.0107298
0.0790315
0.0588203
0.148658
0.150445
0.0419155
0.158166
0.0557806
0.172341
0.0894459
0.201883
0.0484471
0.142261
0.0630158
0.108543
0.0442514
0.0717886
0.0839872
0.00327947
0.174064
0.10799
0.151536
0.00125373
0.0901324
0.058511
0.11668
0.0246028
0.0230045
0.120072
0.0868975
0.063574
0.0817575
0.0209959
0.0476704
0.0431028
0.0426432
0.146834
0.0278073
0.0459442
0.119256
0.0804513
0.0190679
0.0737386
0.112004
0.119344
0.0455748
0.185598
0.146046
0.0216217
0.0650637
0.17035
0.0884571
0.0748913
0.097204
0.00381217
0.0895568
0.0930189
0.0339368
0.172704
0.0330493
0.0467287
0.158419
0.0601593
0.0369881
0.0242149
0.124888
0.134517
0.193343
0.0202241
0.0413674
0.16451
0.0412977
0.174206
0.00710776
0.147399
0.0231188
0.0199794
0.0211509
0.0111537
0.0405476
0.0530524
0.0684204
0.185289
0.0530538
0.0473779
0.146793
0.137091
0.108004
0.100419
0.097535
0.02027
0.0957299
0.160044
0.0064366
0.0281074
0.186779
0.03536
0.0362804
0.0518686
0.0314094
0.0455444
0.0127805
0.0892329
0.037693
0.110477
0.0705722
0.00691275
0.0532048
0.0544653
0.150286
0.0472688
0.114638
0.0881334
0.0833933
0.0673272
0.114692
0.00437538
0.0531073
0.0288701
0.0249753
0.0576233
0.0135971
0.152209
0.0675833
0.0516252
0.126173
0.143531
0.0461521
0.120835
0.145666
0.119165
0.135006
0.0301785
0.163788
0.0209415
0.0108472
0.0293423
0.0952785
0.0938309
0.127556
0.0876094
0.198883
0.00724237
0.0916054
0.0670972
0.0133096
0.071484
0.0657896
0.0644542
0.132342
0.149032
0.0390324
0.0177325
0.143757
0.0628363
0.0732869
0.0273319
0.0213742
0.0243
0.185743
0.188396
0.0895436
0.00607798
0.191084
0.0513552
0.0323525
0.0142406
0.010422
0.0342471
0.11611
0.0392025
0.0651856
0.0454152
0.0320082
0.0224714
0.0449871
0.130827
0.0084658
0.00280181
0.00745327
0.147065
0.101619
0.0515534
0.136564
0.0994365
0.195678
0.0268917
0.0258772
0.0926085
0.0662367
0.208582
0.0922038
0.0670313
0.118435
0.0642766
0.12254
0.0951103
0.152258
0.146552
0.09766
0.0994166
0.0958426
0.122576
0.0391571
0.0951416
0.0482869
0.0149738
0.107007
0.0725209
0.0503398
0.0911237
0.203322
0.0733259
0.0544816
0.0879901
0.00378096
0.0718765
0.0429433
0.112291
0.0211119
0.0186736
0.0665627
0.0217474
0.107054
0.0597205
0.00558663
0.0422265
0.173028
0.0683753
0.00278094
0.145234
0.0316521
0.134492
0.108664
0.118971
0.0627111
0.156596
0.11215
0.113761
0.0556936
0.166578
0.00590568
0.118044
0.0119294
0.0650662
0.0703639
0.0818174
0.137257
0.0911031
0.142282
0.0911198
0.0428618
0.10709
0.108999
0.114651
0.108816
0.0687576
0.117383
0.0424185
0.0473187
0.0274764
0.126749
0.0331857
0.0839705
0.130966
0.100659
0.106931
0.110646
0.0749575
0.0842402
0.169333
0.0830263
0.0265975
0.0951305
0.0122449
0.150612
0.0497036
0.156605
0.0360944
0.123677
0.146197
0.0505659
0.00149419
0.0115075
0.0247764
0.100036
0.084681
0.115838
0.047288
0.0078383
0.142714
0.0660379
0.0729528
0.0500272
0.0279472
0.0159655
0.108561
0.00442159
0.0287968
0.0353955
0.171354
0.0344036
0.09825
0.0255206
0.0171519
0.0450068
0.0175095
0.0481229
0.128915
0.108806
0.0768089
0.131521
0.0630772
0.138257
0.0430882
0.178902
0.180283
0.0256687
0.0370983
0.0191906
0.0482592
0.150111
0.0641135
0.119845
0.0121889
0.073886
0.178706
0.133289
0.0273945
0.0104022
0.0398016
0.00958279
0.0226441
0.15839
0.166852
0.124207
0.0288624
0.0804808
0.0624234
0.162316
0.034902
0.131902
0.0503348
0.0383548
0.154398
0.00722253
0.0802284
0.116601
0.128192
0.0360756
0.0636624
0.0782701
0.0262863
0.0572635
0.155139
0.122481
0.142435
0.0147285
0.0935583
0.0211978
0.0541952
0.0559594
0.161074
0.0961762
0.00478057
0.112087
0.0468899
0.112621
0.0475692
0.121395
0.11681
0.039206
0.0243955
0.0946977
0.0266815
0.129693
0.112239
0.140498
0.0487835
0.0441446
0.0761609
0.0526527
0.0622307
0.0390845
0.0705769
0.122771
0.0122479
0.0589665
0.192101
0.0287354
0.0410402
0.104528
0.0431497
0.0198757
0.00168767
0.0249455
0.0578276
0.180141
0.0761002
0.0625282
0.0933703
0.118964
0.0363595
0.0316884
0.10415
0.0294657
0.00831469
0.119056
0.0185992
0.0496421
0.00967978
0.163575
0.0813893
0.077438
0.191069
0.011125
0.0567199
0.080734
0.0496616
0.0550001
0.0611062
0.181942
0.130054
0.130883
0.0710196
0.0356255
0.125985
0.0468323
0.0956823
0.104722
0.153154
0.0715888
0.116946
0.0344642
0.0599736
0.0891728
0.103467
0.135376
0.0738855
0.0263117
0.0977661
0.217935
0.103744
0.0530704
0.12303
0.0713567
0.120641
0.172098
0.0180846
0.110723
0.0405678
0.0799638
0.160544
0.0224487
0.057491
0.0901422
0.0754432
0.107172
0.0712446
0.0187146
0.0207739
0.00606774
0.0582597
0.0765563
0.0420503
0.0153772
0.184131
0.168549
0.101638
0.051712
0.0606565
0.0401303
0.0214104
0.069805
0.0568368
0.0500762
0.0243495
0.0422778
0.116403
0.0185058
0.07904
0.19436
0.0301539
0.212596
0.187312
0.0912566
0.00319124
0.0445417
0.0474074
0.0559686
0.122991
0.0612096
0.123713
0.169148
0.150516
0.184201
0.0671375
0.0913513
0.141451
0.0414183
0.0563136
0.0787405
0.200231
0.0787331
0.111123
0.0392449
0.124904
0.0885822
0.0352355
0.0426355
0.0978223
0.150024
0.0393928
0.0299018
0.0904488
0.0420987
0.200911
0.0899783
0.156613
0.0532199
0.0232951
0.0298109
0.120727
0.0132361
0.00387221
0.0647206
0.00398679
0.157611
0.0860121
0.188253
0.136205
0.0586533
0.0257407
0.186441
0.141105
0.0115309
0.0216196
0.145361
0.143641
0.124925
0.167278
0.165731
0.0832605
0.201494
0.0418925
0.103579
0.163378
0.00685102
0.166212
0.0204282
0.0211412
0.0326463
0.107781
0.059684
0.163687
0.0887659
0.0959637
0.00383292
0.0458338
0.0341924
0.0979344
0.11355
0.189844
0.107712
0.0718831
0.113448
0.0099635
0.080689
0.138015
0.109989
0.030118
0.0141349
0.028369
0.0240562
0.187377
0.079554
0.0785159
0.118728
0.081999
0.0211302
0.164327
0.0317345
0.111023
0.116917
0.0308444
0.0305429
0.199744
0.0754432
0.05197
0.0504483
0.0579356
0.20396
0.0676431
0.0868677
0.0720484
0.073446
0.141796
0.046236
0.123183
0.0340827
0.0663944
0.0965285
0.149561
0.090924
0.137475
0.091697
0.0295325
0.0286718
0.0152322
0.0757709
0.0419031
0.0627294
0.033832
0.0200051
0.00734812
0.0601665
0.0160989
0.0126073
0.0770114
0.104662
0.0697362
0.118512
0.0133026
0.022237
0.0828586
0.0821703
0.036998
0.0150458
0.0644114
0.132245
0.0336728
0.195355
0.149448
0.172095
0.0619151
0.14388
0.149316
0.174696
0.0216852
0.216265
0.0305096
0.00290311
0.0127611
0.143095
0.0581904
0.126526
0.114249
0.0870078
0.0379823
0.0617129
0.175159
0.062634
0.0700463
0.03882
0.109932
0.0738291
0.0366296
0.0783811
0.0897513
0.0607622
0.0234956
0.157793
0.121481
0.0802644
0.104892
0.0941892
0.169343
0.0483344
0.0933891
0.0248028
0.11649
0.0244282
0.0260938
0.157292
0.0154966
0.1142
0.140417
0.130405
0.0920543
0.028704
0.0633582
0.140496
0.170075
0.115099
0.0244559
0.0986488
0.173586
0.0894813
0.0319907
0.00874873
0.0107231
0.0274793
0.00558818
0.0751264
0.0746969
0.175457
0.104737
0.159371
0.025798
0.221249
0.0178733
0.0644193
0.108812
0.0448468
0.192124
0.00128254
0.212885
0.0435117
0.0179843
0.060597
0.0965012
0.0370538
0.0755963
0.0744203
0.0404466
0.0531886
0.152113
0.0518222
0.161368
0.11356
0.070195
0.103745
0.0838481
0.163588
0.0025721
0.119422
0.0316836
0.0405803
0.0151782
0.116765
0.0104607
0.125563
0.0169524
0.0323725
0.0383936
0.0437859
0.198223
0.0183261
0.03659
0.148754
0.106699
0.0391937
0.139606
0.0392457
0.192711
0.0573764
0.0614926
0.0912307
0.0865513
0.155451
0.0531971
0.130785
0.0374324
0.15409
0.104662
0.227193
0.0912446
0.0544306
0.0231628
0.112333
0.077654
0.0581884
0.00182844
0.0259241
0.0417257
0.016334
0.0161689
0.00130772
0.0753972
0.0519562
0.0787973
0.189513
0.137156
0.136628
0.211104
0.0618733
0.168548
0.0503278
0.169947
0.0722473
0.0538985
0.0509185
0.0742134
0.0693774
0.162271
0.133575
0.149341
0.0315147
0.0172656
0.0374305
0.135669
0.0192997
0.196185
0.119829
0.201322
0.0652765
0.0641947
0.03239
0.0780216
0.113525
0.130905
0.0771136
0.182239
0.0439191
0.0989818
0.066012
0.0246136
0.0517915
0.118889
0.023855
0.0503215
0.0361892
0.203668
0.0503181
0.0842428
0.0114736
0.0484103
0.132418
0.0970641
0.0783088
0.0707766
0.017007
0.0918533
0.0531349
0.0764841
0.0348632
0.0488324
0.0305589
0.123455
0.0930946
0.202513
0.0536233
0.170551
0.0908991
0.0247455
0.0697847
0.00207895
0.121721
0.0823916
0.148782
0.0350736
0.00894476
0.13888
0.0323655
0.169423
0.062362
0.0688096
0.20598
0.114217
0.122878
0.0535306
0.0158058
0.103445
0.0736094
0.158069
0.0480733
0.00560082
0.137584
0.0146325
0.0353776
0.0795955
0.0251148
0.0331379
0.11204
0.0258543
0.10309
0.0760272
0.0462926
0.0586534
0.0299089
0.0323989
0.03765
0.0775478
0.00197189
0.144628
0.0415943
0.164848
0.080982
0.0396546
0.109588
0.0540265
0.0463365
0.0386615
0.0623838
0.159985
0.108431
0.0771126
0.123787
0.0905796
0.0389841
0.0525046
0.101384
0.195258
0.00902069
0.16241
0.0418991
0.0206141
0.0161791
0.0610999
0.0146709
0.0670389
0.0434302
0.0153202
0.0215401
0.0993126
0.0421598
0.0726974
0.0362377
0.0330257
0.0118192
0.0534993
0.0799247
0.0508278
0.0700688
0.136554
0.0516287
0.0109077
0.0202492
0.0618052
0.042878
0.0623507
0.161867
0.0123589
0.013938
0.101474
0.0430374
0.030452
0.0683974
0.160482
0.0643713
0.0313384
0.193041
0.172367
0.134445
0.0151334
0.0113283
0.0643497
0.0695693
0.065548
0.104293
0.0876762
0.0262898
0.038038
0.0522843
0.0552296
0.101116
0.0833273
0.191824
0.00829941
0.0229973
0.0116857
0.0428316
0.0527251
0.123426
0.154034
0.0574652
0.0886192
0.0539721
0.161341
0.0539173
0.0513703
0.0619214
0.0656674
0.00674748
0.0986997
0.113477
0.0194346
0.0708282
0.0414878
0.0516232
0.0157773
0.191904
0.0913428
0.0455071
0.020156
0.0202896
0.112804
0.0982259
0.178603
0.0474529
0.0801586
0.101164
0.0702826
0.141756
0.0235679
0.0602999
0.0218333
0.106221
0.0677739
0.0706048
0.0418559
0.0672768
0.0197491
0.122749
0.184063
0.084003
0.165409
0.0152279
0.0973977
0.112818
0.000794197
0.0471353
0.0927169
0.0348277
0.0991316
0.0194038
0.0505757
0.0380586
0.103232
0.0871271
0.0878133
0.106872
0.0530526
0.0609533
0.0300999
0.0280195
0.104753
0.0184566
0.0508746
0.00616638
0.168044
0.125986
0.0819667
0.0123096
0.0599108
0.141466
0.0352126
0.107034
0.0371804
0.0435896
0.0631393
0.0908009
0.0510742
0.105651
0.100225
0.0507063
0.069716
0.128228
0.144652
0.0611301
0.0697001
0.0845015
0.111069
0.0146404
0.0524388
0.100103
0.012662
0.0750989
0.0742097
0.00402995
0.0282561
0.00979875
0.0774609
0.0392911
0.154716
0.184396
0.121866
0.184783
0.0657774
0.0221335
0.0765912
0.0819261
0.0839991
0.0128787
0.120566
0.0133611
0.036197
0.0806269
0.0389122
0.0690604
0.0121374
0.127033
0.0475619
0.114124
0.0376862
0.216836
0.0394709
0.106023
0.0313456
0.14382
0.0346553
0.0470468
0.0778885
0.170752
0.0873717
0.174838
0.0381226
0.076298
0.0157719
0.0639112
0.0518769
0.134988
0.1288
0.0677319
0.0530868
0.0493376
0.0322354
0.0311568
0.0431917
0.164376
0.0552166
0.0712698
0.0763295
0.0943885
0.0192617
0.0445933
0.0746543
0.0798156
0.145223
0.00689988
0.0563795
0.0473872
0.00482555
0.108681
0.0355414
0.0199808
0.040234
0.118003
0.0588887
0.0331793
0.000904839
0.0886002
0.0937428
0.0571354
0.065245
0.00656705
0.054296
0.0474704
0.0854742
0.121585
0.0719169
0.0382417
0.0419775
0.0810827
0.161889
0.0178982
0.029447
0.014309
0.121458
0.161786
0.176334
0.0199065
0.00422396
0.0790708
0.0107298
0.0790315
0.0588203
0.148658
0.150445
0.0419155
0.158166
0.0557806
0.172341
0.0894459
0.201883
0.0484471
0.142261
0.0630158
0.108543
0.0442514
0.0717886
0.0839872
0.00327947
0.174064
0.10799
0.151536
0.00125373
0.0901324
0.058511
0.11668
0.0246028
0.0230045
0.120072
0.0868975
0.063574
0.0817575
0.0209959
0.0476704
0.0431028
0.0426432
0.146834
0.0278073
0.0459442
0.119256
0.0804513
0.0190679
0.0737386
0.112004
0.119344
0.0455748
0.185598
0.146046
0.0216217
0.0650637
0.17035
0.0884571
0.0748913
0.097204
0.00381217
0.0895568
0.0930189
0.0339368
0.172704
0.0330493
0.0467287
0.158419
0.0601593
0.0369881
0.0242149
0.124888
0.134517
0.193343
0.0202241
0.0413674
0.16451
0.0412977
0.174206
0.00710776
0.147399
0.0231188
0.0199794
0.0211509
0.0111537
0.0405476
0.0530524
0.0684204
0.185289
0.0530538
0.0473779
0.146793
0.137091
0.108004
0.100419
0.097535
0.02027
0.0957299
0.160044
0.0064366
0.0281074
0.186779
0.03536
0.0362804
0.0518686
0.0314094
0.0455444
0.0127805
0.0892329
0.037693
0.110477
0.0705722
0.00691275
0.0532048
0.0544653
0.150286
0.0472688
0.114638
0.0881334
0.0833933
0.0673272
0.114692
0.00437538
0.0531073
0.0288701
0.0249753
0.0576233
0.0135971
0.152209
0.0675833
0.0516252
0.126173
0.143531
0.0461521
0.120835
0.145666
0.119165
0.135006
0.0301785
0.163788
0.0209415
0.0108472
0.0293423
0.0952785
0.0938309
0.127556
0.0876094
0.198883
0.00724237
0.0916054
0.0670972
0.0133096
0.071484
0.0657896
0.0644542
0.132342
0.149032
0.0390324
0.0177325
0.143757
0.0628363
0.0732869
0.0273319
0.0213742
0.0243
0.185743
0.188396
0.0895436
0.00607798
0.191084
0.0513552
0.0323525
0.0142406
0.010422
0.0342471
0.11611
0.0392025
0.0651856
0.0454152
0.0320082
0.0224714
0.0449871
0.130827
0.0084658
0.00280181
0.00745327
0.147065
0.101619
0.0515534
0.136564
0.0994365
0.195678
0.0268917
0.0258772
0.0926085
0.0662367
0.208582
0.0922038
0.0670313
0.118435
0.0642766
0.12254
0.0951103
0.152258
0.146552
0.09766
0.0994166
0.0958426
0.122576
0.0391571
0.0951416
0.0482869
0.0149738
0.107007
0.0725209
0.0503398
0.0911237
0.203322
0.0733259
0.0544816
0.0879901
0.00378096
0.0718765
0.0429433
0.112291
0.0211119
0.0186736
0.0665627
0.0217474
0.107054
0.0597205
0.00558663
0.0422265
0.173028
0.0683753
0.00278094
0.145234
0.0316521
0.134492
0.108664
0.118971
0.0627111
0.156596
0.11215
0.113761
0.0556936
0.166578
0.00590568
0.118044
0.0119294
0.0650662
0.0703639
0.0818174
0.137257
0.0911031
0.142282
0.0911198
0.0428618
0.10709
0.108999
0.114651
0.108816
0.0687576
0.117383
0.0424185
0.0473187
0.0274764
0.126749
0.0331857
0.0839705
0.130966
0.100659
0.106931
0.110646
0.0749575
0.0842402
0.169333
0.0830263
0.0265975
0.0951305
0.0122449
0.150612
0.0497036
0.156605
0.0360944
0.123677
0.146197
0.0505659
0.00149419
0.0115075
0.0247764
0.100036
0.084681
0.115838
0.047288
0.0078383
0.142714
0.0660379
0.0729528
0.0500272
0.0279472
0.0159655
0.108561
0.00442159
0.0287968
0.0353955
0.171354
0.0344036
0.09825
0.0255206
0.0171519
0.0450068
0.0175095
0.0481229
0.128915
0.108806
0.0768089
0.131521
0.0630772
0.138257
0.0430882
0.178902
0.180283
0.0256687
0.0370983
0.0191906
0.0482592
0.150111
0.0641135
0.119845
0.0121889
0.073886
0.178706
0.133289
0.0273945
0.0104022
0.0398016
0.00958279
0.0226441
0.15839
0.166852
0.124207
0.0288624
0.0804808
0.0624234
0.162316
0.034902
0.131902
0.0503348
0.0383548
0.154398
0.00722253
0.0802284
0.116601
0.128192
0.0360756
0.0636624
0.0782701
0.0262863
0.0572635
0.155139
0.122481
0.142435
0.0147285
0.0935583
0.0211978
0.0541952
0.0559594
0.161074
0.0961762
0.00478057
0.112087
0.0468899
0.112621
0.0475692
0.121395
0.11681
0.039206
0.0243955
0.0946977
0.0266815
0.129693
0.112239
0.140498
0.0487835
0.0441446
0.0761609
0.0526527
0.0622307
0.0390845
0.0705769
0.122771
0.0122479
0.0589665
0.192101
0.0287354
0.0410402
0.104528
0.0431497
0.0198757
0.00168767
0.0249455
0.0578276
0.180141
0.0761002
0.0625282
0.0933703
0.118964
0.0363595
0.0316884
0.10415
0.0294657
0.00831469
0.119056
0.0964963
0.106662
0.010208
0.165801
0.158582
0.0268465
0.167044
0.208357
0.0338465
0.156612
0.13018
0.0729814
0.0462814
0.026501
0.154278
0.0814733
0.0478458
0.153191
0.11612
0.0785615
0.0624312
0.0372291
0.0314353
0.165886
0.0102569
0.0972161
0.129179
0.0872073
0.150732
0.114686
0.0559474
0.129568
0.0831368
0.134801
0.0350629
0.0602765
0.0546335
0.0627322
0.0839921
0.155721
0.0505675
0.12119
0.044
0.0589369
0.0365108
0.168152
0.0346403
0.0640505
0.0559485
0.145019
0.0280357
0.140436
0.121042
0.147748
0.0779512
0.166267
0.049566
0.11991
0.0343714
0.042041
0.0416917
0.114445
0.0597001
0.0163046
0.143937
0.0940343
0.159209
0.042106
0.142991
0.198036
0.0687771
0.173033
0.0684619
0.170192
0.205545
0.0764009
0.0999887
0.0689994
0.0433952
0.0592338
0.0042749
0.0633797
0.0118081
0.000687665
0.0365403
0.0951738
0.0656652
0.0184289
0.0470026
0.0611197
0.0751989
0.0324941
0.0811796
0.0252069
0.0734269
0.0604357
0.113905
0.111761
0.116602
0.0857806
0.0402492
0.0558818
0.05255
0.0698976
0.199013
0.0475808
0.0326874
0.0482815
0.096356
0.0637319
0.071984
0.0774407
0.0591369
0.0171153
0.10577
0.00530042
0.0104208
0.156555
0.134478
0.17136
0.131889
0.0162453
0.179672
0.158511
0.0303439
0.0528853
0.0777972
0.105472
0.104435
0.0504973
0.00764642
0.0696046
0.0804552
0.124782
0.0496329
0.0234072
0.0588623
0.147187
0.098674
0.117609
0.0249536
0.116263
0.0616605
0.0687506
0.117043
0.105255
0.119284
0.0507563
0.0653165
0.0247126
0.0256713
0.130502
0.100316
0.130995
0.0112909
0.0421468
0.0776992
0.0633068
0.0552861
0.026973
0.0825884
0.0180005
0.0147434
0.031892
0.0613118
0.0314471
0.201416
0.0547819
0.023259
0.0372717
0.0717387
0.14239
0.175985
0.014925
0.0400338
0.0200943
0.0997225
0.150052
0.0981124
0.126892
0.108571
0.016089
0.176881
0.100265
0.00148533
0.00632866
0.0817721
0.0456646
0.162197
0.0887968
0.0640209
0.0898417
0.133544
0.0625323
0.0251472
0.0495559
0.190321
0.00824925
0.110114
0.0216026
0.0450733
0.0136316
0.0623409
0.0395597
0.0524355
0.116805
0.0190031
0.200545
0.0233503
0.0761072
0.0300734
0.0276184
0.0961236
0.159521
0.0255085
0.00750897
0.118964
0.0590434
0.147602
0.0395176
0.0279922
0.0787773
0.0398068
0.0570652
0.0777354
0.053348
0.0295968
0.144865
0.167595
0.186196
0.0739896
0.00332612
0.0974371
0.029048
0.0139808
0.0450102
0.0517764
0.00490694
0.148373
0.106721
0.086635
0.110028
0.00608866
0.0699625
0.0666935
0.0131073
0.105015
0.0441757
0.0125486
0.141076
0.183476
0.111497
0.101302
0.0268649
0.194179
0.0321741
0.0609831
0.0529945
0.0852791
0.00230053
0.130779
0.0917967
0.0925121
0.097791
0.00981232
0.130352
0.119359
0.0585132
0.0529257
0.0321269
0.022751
0.0610295
0.139189
0.0548397
0.153472
0.0172383
0.0128038
0.0705618
0.0614184
0.0414313
0.142393
0.0943548
0.0214636
0.12431
0.101812
0.16948
0.0995673
0.203295
0.15818
0.146807
0.0130469
0.0797513
0.0683196
0.0696414
0.0496023
0.0149876
0.0258385
0.029962
0.0848762
0.0613561
0.0277081
0.0414413
0.0447024
0.0474201
0.134029
0.225244
0.0522412
0.107285
0.0416212
0.132674
0.0224526
0.00314064
0.120456
0.109648
0.077435
0.182736
0.0742737
0.16347
0.0624468
0.128055
0.0613904
0.224419
0.0438212
0.0828854
0.0473461
0.117583
0.0629202
0.0840026
0.0732636
0.042929
0.118993
0.031492
0.08353
0.0309063
0.00807062
0.11741
0.0772352
0.0393586
0.0551856
0.0678313
0.0140163
0.029737
0.122186
0.0829884
0.0166013
0.0465432
0.0087787
0.00615414
0.133771
0.114548
0.113512
0.0243125
0.0296397
0.0514345
0.0143257
0.0696035
0.0289134
0.0179332
0.0517748
0.108747
0.162606
0.120341
0.106395
0.0818004
0.107406
0.104023
0.191132
0.064149
0.150896
0.0274508
0.200713
0.0138425
0.100639
0.0797375
0.127757
0.0216599
0.117421
0.0145275
0.0707502
0.210102
0.184702
0.161749
0.0663875
0.046398
0.0598911
0.144136
0.0888745
0.0590802
0.0610645
0.0539052
0.0708366
0.0997507
0.174269
0.13343
0.0157891
0.0377401
0.022729
0.196476
0.0987122
0.032503
0.0584288
0.0213548
0.0260469
0.0567268
0.0272363
0.0827622
0.152782
0.0297105
0.0373602
0.161809
0.023114
0.0758842
0.066648
0.063554
0.0121653
0.0373323
0.0676612
0.133278
0.00450933
0.196769
0.11934
0.0286814
0.0870593
0.114445
0.0872692
0.0195511
0.057946
0.0196844
0.0744752
0.057047
0.00909909
0.0447584
0.014928
0.0824082
0.0441795
0.0322473
0.095706
0.0326151
0.0149093
0.0900783
0.0691695
0.0677871
0.135124
0.0740408
0.00914148
0.0377705
0.0274034
0.0793422
0.166202
0.00556748
0.0527612
0.112945
0.1399
0.0126843
0.0569015
0.0964826
0.145969
0.105384
0.0607676
0.186679
0.093319
0.0571938
0.0350774
0.0351369
0.0440458
0.0822689
0.014626
0.0651213
0.0565409
0.0850516
0.0921158
0.110434
0.0681134
0.0714413
0.0806387
0.100251
0.088293
0.0866207
0.114827
0.0178764
0.0234496
0.0104764
0.0222505
0.0213078
0.0267218
0.167663
0.0393206
0.19853
0.0981897
0.0814802
0.138398
0.0140893
0.0286463
0.0720175
0.115445
0.0123753
0.0223116
0.136852
0.0364757
0.0533289
0.0488356
0.155291
0.0765694
0.0705923
0.11635
0.143868
0.0634486
0.132564
0.134737
0.150314
0.0398558
0.0758897
0.00468066
0.0084724
0.028011
0.0109602
0.0391597
0.111033
0.129803
0.0201138
0.149306
0.0646302
0.120292
0.0649574
0.0852912
0.0553966
0.0203849
0.125732
0.0502823
0.0905822
0.123187
0.0469358
0.0189465
0.104183
0.0181705
0.0399488
0.0670476
0.0558825
0.0729702
0.164827
0.0909433
0.0622548
0.0366682
0.015758
0.0185103
0.0294437
0.126329
0.0197644
0.0860446
0.071663
0.0440979
0.106031
0.0109929
0.111076
0.148657
0.0481504
0.0426755
0.0829409
0.0119812
0.0450429
0.122664
0.0565787
0.0619153
0.17343
0.0326582
0.102287
0.00874179
0.147029
0.139749
0.0576098
0.118598
0.193438
0.0111176
0.0717128
0.0256591
0.077862
0.0375664
0.172478
0.181634
0.15707
0.0862419
0.0351375
0.025506
0.0669828
0.147532
0.0371374
0.0741373
0.106293
0.0248192
0.148037
0.147846
0.0391814
0.0360987
0.0196181
0.0914336
0.0579501
0.0634376
0.140297
0.145076
0.0384294
0.0415925
0.0384572
0.154488
0.175058
0.0728273
0.0360875
0.150817
0.0492534
0.0264402
0.0362449
0.0471861
0.0430108
0.0499482
0.100689
0.142636
0.132905
0.11337
0.095906
0.0529923
0.152458
0.165463
0.0430267
0.0735181
0.0431239
0.0248509
0.0415264
0.0973868
0.0442486
0.0195118
0.0621537
0.051241
0.0396497
0.135772
0.0784823
0.0514336
0.117353
0.0223692
0.0904341
0.0317347
0.0979314
0.158642
0.0982782
0.1214
0.0974153
0.0866924
0.062283
0.0590524
0.180921
0.147039
0.00914252
0.150852
0.0495188
0.0413658
0.0790045
0.0755508
0.0803845
0.0260445
0.168567
0.0655736
0.162221
0.0821369
0.0241059
0.0760843
0.0658436
0.0356313
0.143874
0.00401414
0.00659057
0.138794
0.0468832
0.0528868
0.0471899
0.0407922
0.126836
0.0587669
0.0462323
0.175644
0.0617531
0.0295549
0.0234822
0.0244926
0.0410648
0.0697284
0.0358571
0.109049
0.200047
0.0610561
0.159978
0.187861
0.178377
0.133562
0.00806914
0.0732716
0.0237206
0.00112356
0.0685292
0.0762123
0.0406759
0.0155358
0.0706758
0.108171
0.0453319
0.0309504
0.0268591
0.0872297
0.0179065
0.0140513
0.0112656
0.0383821
0.0602951
0.113957
0.0620032
0.0665663
0.157408
0.0811419
0.195158
0.0426429
0.0531895
0.154509
0.0740201
0.0780273
0.0130665
0.0441308
0.0429865
0.177617
0.043464
0.0365467
0.0128338
0.200993
0.0768713
0.176811
0.140545
0.078996
0.0795648
0.0300131
0.0648228
0.0647561
0.0948029
0.107365
0.125565
0.0513205
0.12257
0.0250352
0.102374
0.0918452
0.0826749
0.0823924
0.0286028
0.0856987
0.188032
0.0113571
0.128832
0.0850538
0.107394
0.0201871
0.0749953
0.128574
0.114145
0.0338209
0.102995
0.163827
0.0279942
0.149746
0.0418926
0.0553117
0.140607
0.0332316
0.115357
0.125768
0.0772736
0.065992
0.0773539
0.0422692
0.0122178
0.0214853
0.0486012
0.0365352
0.0823422
0.145248
0.0354647
0.137215
0.0780672
0.0163748
0.0854364
0.0460497
0.133501
0.137695
0.0673426
0.0333462
0.14298
0.181101
0.0539388
0.0566662
0.075134
0.0458192
0.0400058
0.0613566
0.0572725
0.0892565
0.0431524
0.0183137
0.0197043
0.085631
0.117313
0.0687294
0.10697
0.0728102
0.127145
0.0820408
0.0182746
0.173475
0.166732
0.0216258
0.0214476
0.145201
0.0113267
0.0450232
0.162968
0.0225226
0.0255734
0.109633
0.0601161
0.078704
0.154779
0.00990425
0.0606344
0.0907027
0.107466
0.0399613
0.139412
0.0849268
0.149835
0.112538
0.0311075
0.137803
0.121926
0.0974505
0.0848578
0.033939
0.0634027
0.0704907
0.0189125
0.0597804
0.0406674
0.0518555
0.0154483
0.178838
0.00508766
0.0395801
0.0363929
0.0556052
0.12219
0.156922
0.106429
0.0663577
0.0712706
0.0654857
0.103678
0.183601
0.0676105
0.0258815
0.19139
0.208103
0.0322673
0.032017
0.0724403
0.0311114
0.0316535
0.0641112
0.0574404
0.131153
0.0838261
0.0380881
0.0910828
0.0543295
0.0775635
0.0670568
0.00838317
0.110933
0.127075
0.0459705
0.0765022
0.0118217
0.0243503
0.0764046
0.215785
0.0405283
0.0902018
0.0372229
0.20533
0.123666
0.0737159
0.113841
0.143064
0.0624451
0.0459461
0.183531
0.0977808
0.0917077
0.109924
0.0446043
0.102904
0.0488981
0.0675924
0.0230264
0.152025
0.016473
0.0415116
0.11555
0.073861
0.108378
0.129898
0.0518628
0.108733
0.0336881
0.164387
0.155408
0.0601334
0.0589255
0.0422368
0.0387887
0.0888133
0.00667951
0.0520864
0.0360446
0.0690135
0.0660212
0.0175928
0.191117
0.0585844
0.109781
0.117311
0.0304081
0.0488574
0.169728
0.0372569
0.190189
0.00372517
0.124325
0.0761738
0.206213
0.0861193
0.0510899
0.00537797
0.108653
0.139856
0.014697
0.0770609
0.195179
0.15217
0.0648791
0.0414159
0.0559985
0.0284634
0.100987
0.0566554
0.0809242
0.0372035
0.108774
0.0888744
0.0250144
0.0536339
0.0373607
0.011446
0.0445194
0.0972708
0.165583
0.0859063
0.0791791
0.113301
0.0711929
0.0604485
0.125405
0.160581
0.06612
0.0363297
0.0506431
0.0322859
0.0812544
0.118599
0.077371
0.139996
0.0195112
0.0931915
0.141001
0.0321352
0.0258584
0.0504167
0.077902
0.0479575
0.07093
0.0198138
0.108488
0.0611848
0.0602528
0.0424936
0.100458
0.0571458
0.0795876
0.134227
0.180072
0.0763179
0.115276
0.101217
0.0325965
0.0899411
0.0286027
0.116648
0.0395977
0.111057
0.13333
0.0313765
0.0304563
0.153125
0.0137658
0.0550738
0.067596
0.105784
0.0233861
0.0786407
0.130375
0.111738
0.0239059
0.0701261
0.137684
0.00776963
0.0656342
0.0823978
0.186222
0.0503149
0.135954
0.159585
0.0195273
0.0926508
0.0694492
0.142028
0.0461213
0.0457477
0.187632
0.108473
0.0167204
0.0669478
0.118832
0.0336072
0.102637
0.0499402
