0.0964876
0.064241
0.0434787
0.0383703
0.022467
0.0964876
0.064241
0.0434787
0.0383703
0.022467
0.0529078
0.0625311
0.0242154
0.0420756
0.0454615
0.0362711
0.0350828
0.0319325
0.0373126
0.023649
0.0450076
0.0312245
0.0548897
0.065554
0.0840195
0.0349982
0.0127067
0.0243785
0.0160398
0.0108693
0.0817604
0.0144813
0.0880924
0.0859018
0.0353547
0.0247315
0.0392461
0.0209367
0.032134
0.0538426
0.0774931
0.0458006
0.0261891
0.088405
0.0608149
0.0514971
0.0937067
0.028465
0.0879252
0.0134474
0.0271718
0.0418974
0.00887693
0.0296126
0.0387518
0.00535772
0.0823474
0.019886
0.0821595
0.0372908
0.0351636
0.0519951
0.0255559
0.0342994
0.038014
0.0458086
0.016246
0.0734656
0.0783262
0.021226
0.0111677
0.0685402
0.0348468
0.0395567
0.0455724
0.00214327
0.0736681
0.039378
0.0321281
0.0395834
0.075205
0.0449082
0.086667
0.0111574
0.00840732
0.021621
0.0475981
0.0808403
0.0172412
0.0561181
0.00986453
0.0740699
0.085414
0.0511399
0.0358273
0.0658946
0.0720402
0.0510707
0.0782798
0.0405977
0.0119614
0.0248645
0.101624
0.0378016
0.0837119
0.0136768
0.00685545
0.0408672
0.0934161
0.0739243
0.0628574
0.0673832
0.0458717
0.0107493
0.0653655
0.0163498
0.0700559
0.0773832
0.0673866
0.0292331
0.0903969
0.0518485
0.00101475
0.0760561
0.0547823
0.0221533
0.0650956
0.0288925
0.0228137
0.0777021
0.0844684
0.0813017
0.0215987
0.0975926
0.0250376
0.0640197
0.0182198
0.0541384
0.0579846
0.0188237
0.0499933
0.0557458
0.0320881
0.0876931
0.0128882
0.0026467
0.0887647
0.00743888
0.0484058
0.0573941
0.0166988
0.00818317
0.0902119
0.0706743
0.0582212
0.0373954
0.043228
0.0433177
0.0874755
0.0407276
0.0231748
0.0561084
0.0470301
0.0712976
0.0731578
0.0378744
0.0787787
0.0565295
0.0740861
0.00287557
0.0987676
0.042123
0.013413
0.0237706
0.0834429
0.0296845
0.0113644
0.0788315
0.0155165
0.0730442
0.0482488
0.05405
0.00991057
0.0829257
0.0600302
0.0238108
0.0323744
0.0067092
0.0200342
0.044171
0.0604664
0.0762902
0.0316283
0.0689342
0.0171263
0.0761319
0.0887871
0.02031
0.0383975
0.035404
0.0379874
0.0986207
0.062181
0.0272828
0.0596733
0.0203323
0.0347774
0.0894258
0.0543664
0.0822887
0.0619079
0.0735569
0.0670564
0.0101721
0.0292594
0.0737698
0.0451926
0.071786
0.0777803
0.0247773
0.0598649
0.083672
0.0309988
0.0104134
0.0356491
0.011821
0.00902475
0.0667506
0.0274308
0.0430115
0.0633215
0.010503
0.0219525
0.0605115
0.0967655
0.0787906
0.0565668
0.0317083
0.0584134
0.0543793
0.0476634
0.00631663
0.00883347
0.0266434
0.0327721
0.0362163
0.0717732
0.04523
0.0511974
0.053859
0.0247431
0.0799884
0.0504386
0.0830021
0.0315695
0.0396144
0.0529078
0.0625311
0.0242154
0.0420756
0.0454615
0.0362711
0.0350828
0.0319325
0.0373126
0.023649
0.0450076
0.0312245
0.0548897
0.065554
0.0840195
0.0349982
0.0127067
0.0243785
0.0160398
0.0108693
0.0817604
0.0144813
0.0880924
0.0859018
0.0353547
0.0247315
0.0392461
0.0209367
0.032134
0.0538426
0.0774931
0.0458006
0.0261891
0.088405
0.0608149
0.0514971
0.0937067
0.028465
0.0879252
0.0134474
0.0271718
0.0418974
0.00887693
0.0296126
0.0387518
0.00535772
0.0823474
0.019886
0.0821595
0.0372908
0.0351636
0.0519951
0.0255559
0.0342994
0.038014
0.0458086
0.016246
0.0734656
0.0783262
0.021226
0.0111677
0.0685402
0.0348468
0.0395567
0.0455724
0.00214327
0.0736681
0.039378
0.0321281
0.0395834
0.075205
0.0449082
0.086667
0.0111574
0.00840732
0.021621
0.0475981
0.0808403
0.0172412
0.0561181
0.00986453
0.0740699
0.085414
0.0511399
0.0358273
0.0658946
0.0720402
0.0510707
0.0782798
0.0405977
0.0119614
0.0248645
0.101624
0.0378016
0.0837119
0.0136768
0.00685545
0.0408672
0.0934161
0.0739243
0.0628574
0.0673832
0.0458717
0.0107493
0.0653655
0.0163498
0.0700559
0.0773832
0.0673866
0.0292331
0.0903969
0.0518485
0.00101475
0.0760561
0.0547823
0.0221533
0.0650956
0.0288925
0.0228137
0.0777021
0.0844684
0.0813017
0.0215987
0.0975926
0.0250376
0.0640197
0.0182198
0.0541384
0.0579846
0.0188237
0.0499933
0.0557458
0.0320881
0.0876931
0.0128882
0.0026467
0.0887647
0.00743888
0.0484058
0.0573941
0.0166988
0.00818317
0.0902119
0.0706743
0.0582212
0.0373954
0.043228
0.0433177
0.0874755
0.0407276
0.0231748
0.0561084
0.0470301
0.0712976
0.0731578
0.0378744
0.0787787
0.0565295
0.0740861
0.00287557
0.0987676
0.042123
0.013413
0.0237706
0.0834429
0.0296845
0.0113644
0.0788315
0.0155165
0.0730442
0.0482488
0.05405
0.00991057
0.0829257
0.0600302
0.0238108
0.0323744
0.0067092
0.0200342
0.044171
0.0604664
0.0762902
0.0316283
0.0689342
0.0171263
0.0761319
0.0887871
0.02031
0.0383975
0.035404
0.0379874
0.0986207
0.062181
0.0272828
0.0596733
0.0203323
0.0347774
0.0894258
0.0543664
0.0822887
0.0619079
0.0735569
0.0670564
0.0101721
0.0292594
0.0737698
0.0451926
0.071786
0.0777803
0.0247773
0.0598649
0.083672
0.0309988
0.0104134
0.0356491
0.011821
0.00902475
0.0667506
0.0274308
0.0430115
0.0633215
0.010503
0.0219525
0.0605115
0.0967655
0.0787906
0.0565668
0.0317083
0.0584134
0.0543793
0.0476634
0.00631663
0.00883347
0.0266434
0.0327721
0.0362163
0.0717732
0.04523
0.0511974
0.053859
0.0247431
0.0799884
0.0504386
0.0830021
0.0315695
0.0396144
0.0162201
0.0187684
0.0165773
0.0457131
0.0514377
0.0079481
0.0680496
0.0703985
0.0513749
0.0650996
0.0231311
0.0347541
0.0527901
0.0311328
0.0546109
0.0324615
0.0165287
0.0159636
0.0863835
0.0221256
0.0457433
0.0475586
0.0161253
0.00809695
0.0544041
0.0282424
0.022752
0.0681894
0.0417364
0.0632116
0.0169408
0.018045
0.04169
0.0270573
0.0412977
0.0837049
0.0510464
0.0742077
0.0250828
0.0509991
0.0580637
0.0209506
0.00204797
0.0217646
0.0395575
0.0550735
0.0100195
0.0690299
0.0472124
0.0598533
0.0942126
0.06587
0.0893882
0.0775098
0.0422367
0.056157
0.0371673
0.0836163
0.0756271
0.0558917
0.0379522
0.065129
0.0463016
0.0406101
0.0320024
0.086382
0.0446974
0.0687597
0.0553623
0.0897521
0.0570067
0.0238684
0.0164869
0.0209691
0.032141
0.0898598
0.0941099
0.0178608
0.00628151
0.0653344
0.00361898
0.0262698
0.0368381
0.035548
0.0398552
0.0908003
0.0501599
0.041875
0.0418268
0.0252467
0.0576723
0.0221319
0.00237273
0.0859979
0.0440545
0.0799619
0.021615
0.0381143
0.00122333
0.0174824
0.0697022
0.0955694
0.0762705
0.0575287
0.0340764
0.0159651
0.0627724
0.0413875
0.0589593
0.0613055
0.0621667
0.0155233
0.032964
0.0165353
0.0368608
0.0440931
0.0515569
0.0393864
0.0090085
0.043571
0.0471815
0.0645015
0.0805578
0.087429
0.0380018
0.0802719
0.0162489
0.0400209
0.0131282
0.0111276
0.0368178
0.0526381
0.0901941
0.0229389
0.0733493
0.0782543
0.0906476
0.0600757
0.0225562
0.034254
0.0569148
0.0631625
0.0651251
0.061017
0.0471165
0.0534618
0.063783
0.0650175
0.0365461
0.00938141
0.065699
0.0877527
0.0620569
0.0771591
0.0211501
0.0499401
0.0631323
0.0457053
0.0696778
0.0461174
0.0113403
0.0637883
0.0922394
0.0373146
0.0505097
0.098739
0.0360205
0.0340066
0.0905477
0.0359809
0.075047
0.0803904
0.029022
0.0867262
0.0353986
0.0432268
0.0420357
0.0263295
0.0268464
0.0131839
0.0261673
0.0290833
0.0420154
0.0593882
0.0656819
0.0358316
0.0524191
0.0253547
0.00822095
0.0329452
0.0420915
0.05797
0.0395947
0.0489707
0.0627766
0.0491258
0.0249999
0.0710824
0.025339
0.0283887
0.0630965
0.0144008
0.0268153
0.0940296
0.0879137
0.0594485
0.0403171
0.0395484
0.0253239
0.0215859
0.0313651
0.020223
0.0285509
0.0597842
0.0228101
0.0467769
0.0184293
0.0705578
0.0201863
