0.0823306
0.0455068
0.0400266
0.0499332
0.0515437
0.0823306
0.0455068
0.0400266
0.0499332
0.0515437
0.00769238
0.0601173
0.0303552
0.0184874
0.0290491
0.0438717
0.0963812
0.0243578
0.0706056
0.0346985
0.0214367
0.0551008
0.0199412
0.0370609
0.0656632
0.0534374
0.0697574
0.0693408
0.083872
0.0272757
0.0704854
0.0950317
0.0901812
0.0723095
0.0218531
0.0276317
0.0579717
0.0411273
0.0366997
0.00675994
0.0508874
0.0925373
0.0517713
0.010257
0.024724
0.0471342
0.0403318
0.085048
0.0789723
0.0734796
0.0719942
0.0566856
0.0501741
0.0129694
0.0296245
0.0600251
0.0568304
0.0325771
0.0360799
0.00630258
0.0754759
0.0187214
0.0511442
0.0555583
0.0842865
0.0188527
0.0692999
0.0660326
0.0713625
0.00222387
0.0374981
0.00608268
0.0236218
0.0759206
0.0264711
0.0169203
0.022241
0.0726773
0.0183938
0.0321579
0.065382
0.0464567
0.0736182
0.0321585
0.0814657
0.00847434
0.0626948
0.0354436
0.0298049
0.0313917
0.0664194
0.0287476
0.087425
0.040013
0.0659023
0.0185525
0.0712653
0.0761572
0.0180694
0.0691601
0.0309977
0.0884597
0.0440562
0.0266729
0.0594766
0.052832
0.00575502
0.0617037
0.0120569
0.0714017
0.0492872
0.0171583
0.0408887
0.0279398
0.052413
0.063539
0.0149131
0.0279676
0.0238393
0.0269078
0.0650914
0.0387079
0.0106537
0.0431821
0.0865669
0.0405329
0.0581894
0.0633664
0.0808607
0.0498174
0.0117169
0.0588685
0.0618347
0.0361181
0.0178947
0.0434158
0.0511483
0.0649285
0.0666165
0.0113034
0.0634661
0.0213876
0.0618298
0.0151041
0.0603636
0.00618111
0.0210454
0.018722
0.061753
0.0883909
0.0250247
0.048761
0.0568144
0.0966072
0.0638191
0.010626
0.0611465
0.00630429
0.00317836
0.0480592
0.0186025
0.00194009
0.0980481
0.0349901
0.00504598
0.0330209
0.0459146
0.0309503
0.0158929
0.036826
0.0453938
0.00857752
0.0416773
0.0253676
0.0623767
0.0147868
0.0692084
0.0750938
0.00942737
0.0176551
0.0801614
0.0532634
0.0150317
0.0271947
0.0557516
0.0264851
0.047005
0.0485415
0.0274177
0.0776979
0.0500743
0.0589157
0.00695324
0.0403191
0.0581102
0.0572512
0.0153137
0.0594545
0.0677288
0.0243053
0.0689554
0.0246551
0.0973746
0.0827409
0.0900993
0.0571004
0.0264535
0.0224635
0.0790544
0.0289804
0.0624944
0.0601173
0.0303552
0.0184874
0.0290491
0.0438717
0.0963812
0.0243578
0.0706056
0.0346985
0.0214367
0.0551008
0.0199412
0.0370609
0.0656632
0.0534374
0.0697574
0.0693408
0.083872
0.0272757
0.0704854
0.0950317
0.0901812
0.0723095
0.0218531
0.0276317
0.0579717
0.0411273
0.0366997
0.00675994
0.0508874
0.0925373
0.0517713
0.010257
0.024724
0.0471342
0.0403318
0.085048
0.0789723
0.0734796
0.0719942
0.0566856
0.0501741
0.0129694
0.0296245
0.0600251
0.0568304
0.0325771
0.0360799
0.00630258
0.0754759
0.0187214
0.0511442
0.0555583
0.0842865
0.0188527
0.0692999
0.0660326
0.0713625
0.00222387
0.0374981
0.00608268
0.0236218
0.0759206
0.0264711
0.0169203
0.022241
0.0726773
0.0183938
0.0321579
0.065382
0.0464567
0.0736182
0.0321585
0.0814657
0.00847434
0.0626948
0.0354436
0.0298049
0.0313917
0.0664194
0.0287476
0.087425
0.040013
0.0659023
0.0185525
0.0712653
0.0761572
0.0180694
0.0691601
0.0309977
0.0884597
0.0440562
0.0266729
0.0594766
0.052832
0.00575502
0.0617037
0.0120569
0.0714017
0.0492872
0.0171583
0.0408887
0.0279398
0.052413
0.063539
0.0149131
0.0279676
0.0238393
0.0269078
0.0650914
0.0387079
0.0106537
0.0431821
0.0865669
0.0405329
0.0581894
0.0633664
0.0808607
0.0498174
0.0117169
0.0588685
0.0618347
0.0361181
0.0178947
0.0434158
0.0511483
0.0649285
0.0666165
0.0113034
0.0634661
0.0213876
0.0618298
0.0151041
0.0603636
0.00618111
0.0210454
0.018722
0.061753
0.0883909
0.0250247
0.048761
0.0568144
0.0966072
0.0638191
0.010626
0.0611465
0.00630429
0.00317836
0.0480592
0.0186025
0.00194009
0.0980481
0.0349901
0.00504598
0.0330209
0.0459146
0.0309503
0.0158929
0.036826
0.0453938
0.00857752
0.0416773
0.0253676
0.0623767
0.0147868
0.0692084
0.0750938
0.00942737
0.0176551
0.0801614
0.0532634
0.0150317
0.0271947
0.0557516
0.0264851
0.047005
0.0485415
0.0274177
0.0776979
0.0500743
0.0589157
0.00695324
0.0403191
0.0581102
0.0572512
0.0153137
0.0594545
0.0677288
0.0243053
0.0689554
0.0246551
0.0973746
0.0827409
0.0900993
0.0571004
0.0264535
0.0224635
0.0790544
0.0289804
0.0624944
0.0164459
0.0499443
0.0677799
0.0356809
0.0512084
0.0315123
0.0469291
0.0283609
0.0473025
0.0396989
0.0695213
0.0453957
0.0714747
0.0506859
0.0146114
0.0114024
0.02443
0.0627087
0.00268558
0.0103811
0.0724978
0.00622765
0.0341236
0.0740061
0.0277556
0.042533
0.0668405
0.0260887
0.0551882
0.0325161
0.0404101
0.0564583
0.0337894
0.0438701
0.0624774
0.0686638
0.0558136
0.0345801
0.00433628
0.0890689
0.00571675
0.0286012
0.0553124
0.0627608
0.063045
0.0463253
0.0232967
0.00842025
0.0750795
0.0561103
0.0394049
0.100402
0.0563251
0.0819466
0.0567021
0.041955
0.0175482
0.0731591
0.025721
0.027136
0.0349698
0.0963497
0.0590461
0.0654491
0.0806822
0.0365608
0.0708705
0.0999245
0.00979243
0.0298971
0.0232852
0.0666914
0.0323187
0.0685945
0.0255807
0.021668
0.0544674
0.0301596
0.0663891
0.0946692
0.0801581
0.0513893
0.0724287
0.031407
0.0899165
0.0126692
0.0577719
0.0812282
0.065848
0.0123192
0.0396791
0.0498209
0.0237924
0.0507423
0.0258919
0.0744978
0.0167576
0.0481004
0.0219506
0.0906396
0.0494726
0.0383026
0.0140028
0.0229725
0.0975101
0.0609877
0.0871523
0.0627159
0.0337672
0.0202579
0.0442788
0.0316628
0.0377937
0.0196504
0.0762702
0.00751355
0.0915685
0.021406
0.066159
0.0921673
0.0429196
0.0381275
0.0163873
0.000944143
0.0777457
0.0456316
0.0210894
0.00486594
0.0558293
0.0205659
0.0630012
0.034636
0.0629528
0.023998
0.0317899
0.0752289
0.0467914
0.0204967
0.0331306
0.0883463
0.0531177
0.0414872
0.065374
0.0750776
0.0172787
0.0504188
0.0304253
0.03795
0.0168683
0.0598983
0.0294566
0.0242874
0.0489535
0.0200668
0.062714
0.0714077
0.0521113
0.0217622
0.0899905
0.0441344
0.0498652
0.082704
0.0265673
0.0501193
0.0309396
0.0138873
0.0676939
0.0274556
0.0612516
0.0156731
0.0514738
0.0588633
0.0801468
0.0304943
0.0241564
0.0787639
0.0628734
0.0345691
0.0287507
0.00505211
0.0189332
0.0435531
0.0144281
0.0474154
0.066927
0.0941268
0.0708607
0.0672143
0.0659819
0.0548501
0.0188259
0.0412634
0.0459591
0.0721934
0.0442372
0.0217623
0.0832851
0.0724736
0.0364086
0.0603649
0.0524069
0.0496497
0.00266004
0.0161798
0.0122975
0.068859
0.0921716
0.0631721
0.0381668
0.0621631
0.0661264
0.0732068
0.0609183
0.0323195
0.0759763
0.0343066
0.0209143
0.0913262
0.0530824
0.0710477
0.0742437
0.0468636
0.0876794
0.0881558
0.0467487
0.049075
0.0425888
0.027985
0.0474469
0.0300396
0.0444219
0.0776719
0.0241887
0.0594275
0.0371847
0.0617354
