0.0906913
0.0267649
0.0530719
0.00406207
0.0270671
0.0906913
0.0267649
0.0530719
0.00406207
0.0270671
0.0491776
0.0472749
0.0886174
0.0423162
0.0475264
0.0915613
0.0371689
0.0471647
0.0267285
0.0863367
0.0108427
0.0515719
0.0876834
0.0284636
0.080362
0.0781809
0.0173182
0.0408553
0.0431256
0.0523281
0.0398143
0.0978824
0.0330852
0.0873509
0.0873863
0.0245564
0.0606751
0.0640043
0.040595
0.0768235
0.0737769
0.0122109
0.0500387
0.0596694
0.0423514
0.0165423
0.0199878
0.0841962
0.0850733
0.0465862
0.0641337
0.0355331
0.0135476
0.00467091
0.0890787
0.0377549
0.0586729
0.0930053
0.0987513
0.0590884
0.0422382
0.0531477
0.00738155
0.0386859
0.0436012
0.042909
0.0425205
0.00724312
0.00811172
0.015948
0.0546626
0.0193366
0.0606984
0.0345409
0.0248296
0.0125
0.0462844
0.0499059
0.00770221
0.0410753
0.0566922
0.0643259
0.0764209
0.0473197
0.0426993
0.0040782
0.0808015
0.0179322
0.0393634
0.0614765
0.0116858
0.0245408
0.0363781
0.0277158
0.0561481
0.0042936
0.0691206
0.00760378
0.0790313
0.0710851
0.0616728
0.0196174
0.0480126
0.0101337
0.0450498
0.0261635
0.0217594
0.0523089
0.0816073
0.0453892
0.0117073
0.00726141
0.0647901
0.00410969
0.0752701
0.0627401
0.0614763
0.0716832
0.042049
0.0243474
0.0545381
0.0786371
0.0259766
0.0123552
0.0549753
0.0469933
0.0104244
0.0611803
0.0281888
0.00290149
0.0290833
0.00983698
0.041456
0.0630581
0.0784606
0.00618729
0.0560668
0.0136414
0.0897009
0.0240097
0.0867404
0.083454
0.0595581
0.00929751
0.0748872
0.060055
0.0319167
0.0500568
0.0127
0.0260579
0.0182687
0.0283474
0.00482769
0.00737338
0.0386423
0.0156897
0.0704257
0.0462167
0.0183446
0.0171942
0.0463162
0.0248615
0.0522034
0.0563957
0.0470177
0.0479354
0.0673997
0.017042
0.0250657
0.0276327
0.0061059
0.0499222
0.028917
0.0117639
0.0120719
0.0347263
0.0577901
0.00721951
0.0753451
0.0306614
0.0960266
0.0262084
0.0595257
0.0793851
0.0528275
0.00841251
0.0860471
0.0301392
0.0464259
0.0516678
0.0559793
0.0767759
0.0107113
0.00979558
0.0389455
0.0372174
0.0645923
0.0536103
0.0347632
0.0728685
0.0847279
0.0426332
0.0806752
0.00438774
0.0531623
0.037673
0.0471585
0.0642529
0.0301232
0.0538465
0.0501378
0.0238286
0.0805339
0.0118569
0.040299
0.0371625
0.0222657
0.0330139
0.0455867
0.0129791
0.025474
0.0424977
0.0749363
0.0863379
0.07645
0.0824034
0.0910004
0.0559853
0.0568041
0.0518336
0.00557271
0.024058
0.0372276
0.0246003
0.00587474
0.0423162
0.0475264
0.0915613
0.0371689
0.0471647
0.0267285
0.0863367
0.0108427
0.0515719
0.0876834
0.0284636
0.080362
0.0781809
0.0173182
0.0408553
0.0431256
0.0523281
0.0398143
0.0978824
0.0330852
0.0873509
0.0873863
0.0245564
0.0606751
0.0640043
0.040595
0.0768235
0.0737769
0.0122109
0.0500387
0.0596694
0.0423514
0.0165423
0.0199878
0.0841962
0.0850733
0.0465862
0.0641337
0.0355331
0.0135476
0.00467091
0.0890787
0.0377549
0.0586729
0.0930053
0.0987513
0.0590884
0.0422382
0.0531477
0.00738155
0.0386859
0.0436012
0.042909
0.0425205
0.00724312
0.00811172
0.015948
0.0546626
0.0193366
0.0606984
0.0345409
0.0248296
0.0125
0.0462844
0.0499059
0.00770221
0.0410753
0.0566922
0.0643259
0.0764209
0.0473197
0.0426993
0.0040782
0.0808015
0.0179322
0.0393634
0.0614765
0.0116858
0.0245408
0.0363781
0.0277158
0.0561481
0.0042936
0.0691206
0.00760378
0.0790313
0.0710851
0.0616728
0.0196174
0.0480126
0.0101337
0.0450498
0.0261635
0.0217594
0.0523089
0.0816073
0.0453892
0.0117073
0.00726141
0.0647901
0.00410969
0.0752701
0.0627401
0.0614763
0.0716832
0.042049
0.0243474
0.0545381
0.0786371
0.0259766
0.0123552
0.0549753
0.0469933
0.0104244
0.0611803
0.0281888
0.00290149
0.0290833
0.00983698
0.041456
0.0630581
0.0784606
0.00618729
0.0560668
0.0136414
0.0897009
0.0240097
0.0867404
0.083454
0.0595581
0.00929751
0.0748872
0.060055
0.0319167
0.0500568
0.0127
0.0260579
0.0182687
0.0283474
0.00482769
0.00737338
0.0386423
0.0156897
0.0704257
0.0462167
0.0183446
0.0171942
0.0463162
0.0248615
0.0522034
0.0563957
0.0470177
0.0479354
0.0673997
0.017042
0.0250657
0.0276327
0.0061059
0.0499222
0.028917
0.0117639
0.0120719
0.0347263
0.0577901
0.00721951
0.0753451
0.0306614
0.0960266
0.0262084
0.0595257
0.0793851
0.0528275
0.00841251
0.0860471
0.0301392
0.0464259
0.0516678
0.0559793
0.0767759
0.0107113
0.00979558
0.0389455
0.0372174
0.0645923
0.0536103
0.0347632
0.0728685
0.0847279
0.0426332
0.0806752
0.00438774
0.0531623
0.037673
0.0471585
0.0642529
0.0301232
0.0538465
0.0501378
0.0238286
0.0805339
0.0118569
0.040299
0.0371625
0.0222657
0.0330139
0.0455867
0.0129791
0.025474
0.0424977
0.0749363
0.0863379
0.07645
0.0824034
0.0910004
0.0559853
0.0568041
0.0518336
0.00557271
0.024058
0.0372276
0.0246003
0.00587474
0.0381851
0.0471084
0.0143847
0.0388403
0.0373682
0.0503278
0.0377887
0.056814
0.00298954
0.061225
0.0294863
0.0344863
0.0672158
0.0711679
0.0202518
0.00146452
0.0569898
0.0931946
0.0525084
0.0165331
0.0373079
0.0392342
0.0699531
0.0480296
0.0685024
0.0458255
0.0621577
0.0630379
0.0483331
0.0591335
0.0652548
0.0144419
0.008098
0.0176562
0.061227
0.0721758
0.0373492
0.0366596
0.0413086
0.0478574
0.0261244
0.0270984
0.0518306
0.0324487
0.0492475
0.00280355
0.00231832
0.0358232
0.0434722
0.0333616
0.0528423
0.085795
0.0466647
0.0192178
0.0431714
0.007109
0.00771248
0.00876697
0.0808725
0.0515281
0.00310805
0.0179136
0.0598439
0.0454103
0.0899096
0.0880634
0.0959977
0.0654595
0.0310033
0.0584504
0.025583
0.0681608
0.00756751
0.0804819
0.0272344
0.0243136
0.00981563
0.0459005
0.0286508
0.0168747
0.0460261
0.045431
0.0798205
0.00663866
0.032623
0.0334213
0.087544
0.0571588
0.0252617
0.031501
0.0202534
0.00886247
0.0867306
0.0689766
0.00854361
0.0337063
0.00962003
0.0543971
0.0561639
0.0489897
0.0578493
0.0203815
0.0926996
0.00619064
0.057012
0.0605594
0.010592
0.0165103
0.071843
0.0137139
0.00342711
0.0636494
0.0378157
0.0130635
0.0581146
0.0421411
0.0494761
0.0192497
0.0321256
0.0459223
0.0652938
0.0870462
0.0695052
0.0505993
0.0286803
0.0262278
0.0141176
0.00429931
0.0250973
0.0242744
0.0551486
0.0638658
0.0457857
0.067767
0.0171696
0.0202086
0.0497683
0.00657085
0.0684497
0.049957
0.0128347
0.0878842
0.0526968
0.0431787
0.0404761
0.0762354
0.0525121
0.0331846
0.0343557
0.0569462
0.0702
0.0348427
0.0420363
0.0714406
0.0522676
0.0312955
0.0225382
0.0425251
0.0416828
0.00925428
0.0301878
0.0650909
0.0566503
0.071998
0.0078601
0.0136856
0.0217209
0.0992407
0.0510732
0.0504528
0.0847106
0.0202604
0.0459545
0.0365824
0.00756375
0.058302
0.0525999
0.0277281
0.0675696
0.0920463
0.0272651
0.00334721
0.0215187
0.010157
0.0963266
0.0252807
0.101732
0.0297394
0.0377146
0.0425994
0.0329241
0.0362623
0.0275892
0.040109
0.0411331
0.0221881
0.0588548
0.0288676
0.00113397
0.0776729
0.0718497
0.0533758
0.0305566
0.02675
0.085791
0.0114696
0.0272336
0.0702628
0.0350588
0.0283896
0.0449913
0.00586134
0.0212763
0.0286342
0.0666851
0.0622379
0.0139569
0.00984069
0.0734758
0.0493082
0.0349323
0.0501551
0.0604389
0.0515828
0.0207866
0.0443336
0.0664914
0.0254736
0.0654214
0.0925138
0.00392833
0.0343814
