0.0191808
0.0200089
0.0724143
0.0191808
0.0200089
0.0724143
0.0500844
0.0964457
0.0423365
0.0465345
0.041538
0.0562063
0.0134962
0.0457126
0.00379106
0.0123459
0.0514708
0.0316208
0.0316769
0.0547549
0.0117751
0.0650634
0.0473779
0.0245058
0.0769945
0.0825569
0.0399909
0.0580831
0.0461886
0.0665668
0.0489103
0.0117278
0.0251086
0.018474
0.0915564
0.0240098
0.0622613
0.0272091
0.0628731
0.0171831
0.0527941
0.062081
0.0536796
0.0632815
0.0760196
0.0484037
0.101048
0.00560039
0.0456814
0.0201292
0.0165976
0.0552896
0.0758991
0.03404
0.0209094
0.0747523
0.0772406
0.0478782
0.010576
0.0429928
0.026064
0.0606732
0.0155624
0.0152587
0.0132279
0.0399401
0.0160982
0.00489436
0.0439778
0.0436699
0.0372545
0.0826496
0.0565293
0.048944
0.0355709
0.0563746
0.0153784
0.0531864
0.0679648
0.0645549
0.0827577
0.0196322
0.03262
0.0638669
0.0428327
0.0659274
0.055097
0.0808892
0.018046
0.0298381
0.0170947
0.0444634
0.0831835
0.0616572
0.00366211
0.0509038
0.0491579
0.0460937
0.0279583
0.0185999
0.0398118
0.0511357
0.00367701
0.0118603
0.0102106
0.0558927
0.0743059
0.0292963
0.0931597
0.00915916
0.0210339
0.0516533
0.0284521
0.0157353
0.0633374
0.0639935
0.0573071
0.0332531
0.0145307
0.0500976
0.0581758
0.0249968
0.049795
0.10375
0.0372722
0.0535573
0.0939946
0.0748219
0.0217062
0.0488403
0.0786323
0.0135852
0.0373759
0.0660111
0.098872
0.0381314
0.0417124
0.0176046
0.0117918
0.00748297
0.0523615
0.0641069
0.0819154
0.0571632
0.0144861
0.0826087
0.0826522
0.0963558
0.0637295
0.0350825
0.0133161
0.045208
0.0246884
0.0123364
0.0398285
0.0408415
0.0454906
0.0989551
0.0334193
0.0167037
0.0143962
0.0430501
0.0498016
0.0192578
0.0525483
0.0178833
0.00386672
0.0229281
0.0347442
0.0634067
0.0156592
0.0501796
0.00407864
0.0209888
0.0560721
0.0565315
0.0182664
0.027687
0.0514814
0.0260193
0.0629072
0.021027
0.0669995
0.0571415
0.0716761
0.0375067
0.0449878
0.0952617
0.0873417
0.0230782
0.0834496
0.0757188
0.0725062
0.0477119
0.0614083
0.0438553
0.0349921
0.0488562
0.0264827
0.0556189
0.0469231
0.0253753
0.0421373
0.0623497
0.0166424
0.039379
0.015053
0.0734236
0.0678099
0.0939688
0.0546765
0.0832915
0.0676571
0.0287837
0.0253042
0.0447417
0.0966925
0.0612625
0.0317039
0.0193267
0.0143493
0.101401
0.0616291
0.0906718
0.0787158
0.0640732
0.096775
0.0453345
0.0265184
0.0286523
0.0693278
0.0510609
0.018016
0.00893
0.0563431
0.0529204
0.0260592
0.0144424
0.0785842
0.07264
0.0446421
0.055788
0.00952565
0.03053
0.0198385
0.0964457
0.0423365
0.0465345
0.041538
0.0562063
0.0134962
0.0457126
0.00379106
0.0123459
0.0514708
0.0316208
0.0316769
0.0547549
0.0117751
0.0650634
0.0473779
0.0245058
0.0769945
0.0825569
0.0399909
0.0580831
0.0461886
0.0665668
0.0489103
0.0117278
0.0251086
0.018474
0.0915564
0.0240098
0.0622613
0.0272091
0.0628731
0.0171831
0.0527941
0.062081
0.0536796
0.0632815
0.0760196
0.0484037
0.101048
0.00560039
0.0456814
0.0201292
0.0165976
0.0552896
0.0758991
0.03404
0.0209094
0.0747523
0.0772406
0.0478782
0.010576
0.0429928
0.026064
0.0606732
0.0155624
0.0152587
0.0132279
0.0399401
0.0160982
0.00489436
0.0439778
0.0436699
0.0372545
0.0826496
0.0565293
0.048944
0.0355709
0.0563746
0.0153784
0.0531864
0.0679648
0.0645549
0.0827577
0.0196322
0.03262
0.0638669
0.0428327
0.0659274
0.055097
0.0808892
0.018046
0.0298381
0.0170947
0.0444634
0.0831835
0.0616572
0.00366211
0.0509038
0.0491579
0.0460937
0.0279583
0.0185999
0.0398118
0.0511357
0.00367701
0.0118603
0.0102106
0.0558927
0.0743059
0.0292963
0.0931597
0.00915916
0.0210339
0.0516533
0.0284521
0.0157353
0.0633374
0.0639935
0.0573071
0.0332531
0.0145307
0.0500976
0.0581758
0.0249968
0.049795
0.10375
0.0372722
0.0535573
0.0939946
0.0748219
0.0217062
0.0488403
0.0786323
0.0135852
0.0373759
0.0660111
0.098872
0.0381314
0.0417124
0.0176046
0.0117918
0.00748297
0.0523615
0.0641069
0.0819154
0.0571632
0.0144861
0.0826087
0.0826522
0.0963558
0.0637295
0.0350825
0.0133161
0.045208
0.0246884
0.0123364
0.0398285
0.0408415
0.0454906
0.0989551
0.0334193
0.0167037
0.0143962
0.0430501
0.0498016
0.0192578
0.0525483
0.0178833
0.00386672
0.0229281
0.0347442
0.0634067
0.0156592
0.0501796
0.00407864
0.0209888
0.0560721
0.0565315
0.0182664
0.027687
0.0514814
0.0260193
0.0629072
0.021027
0.0669995
0.0571415
0.0716761
0.0375067
0.0449878
0.0952617
0.0873417
0.0230782
0.0834496
0.0757188
0.0725062
0.0477119
0.0614083
0.0438553
0.0349921
0.0488562
0.0264827
0.0556189
0.0469231
0.0253753
0.0421373
0.0623497
0.0166424
0.039379
0.015053
0.0734236
0.0678099
0.0939688
0.0546765
0.0832915
0.0676571
0.0287837
0.0253042
0.0447417
0.0966925
0.0612625
0.0317039
0.0193267
0.0143493
0.101401
0.0616291
0.0906718
0.0787158
0.0640732
0.096775
0.0453345
0.0265184
0.0286523
0.0693278
0.0510609
0.018016
0.00893
0.0563431
0.0529204
0.0260592
0.0144424
0.0785842
0.07264
0.0446421
0.055788
0.00952565
0.03053
0.0198385
0.0966034
0.0206937
0.0153233
0.0545689
0.0238443
0.0343768
0.0681526
0.0509846
0.0407794
0.0513529
0.0780954
0.0740013
0.0979879
0.0452023
0.0442927
0.0211537
0.0838717
0
0.0728475
0.0868647
0.0443925
0.0693659
0.0325005
0.0700189
0.00339781
0.0349441
0.0929746
0.0166927
0.0765657
0.0766
0.0648408
0.0112879
0.015037
0.0711855
0.104406
0.0621377
0.0245416
0.0981158
0.0609918
0.0644793
0.0365717
0.0677482
0.0328775
0.0593132
0.0144122
0.0167963
0.043172
0.0093014
0.0193299
0.0174086
0.00487038
0.0749306
0.0398518
0.0401584
0.0931624
0.0971025
0.0111028
0.0273347
0.0579545
0.10342
0.0162447
0.056046
0.0141325
0.0475777
0.0620351
0.00885287
0.0953315
0.00866623
0.0393455
0.0509747
0.0121494
0.0612641
0.0638169
0.0560141
0.0331137
0.0579205
0.0094749
0.056318
0.0299749
0.0279636
0.0039838
0.0654488
0.0387855
0.037057
0.0620847
0.0155152
0.0310248
0.0115355
0.100907
0.0247467
0.0528793
0.0554118
0.0109339
0.0284418
0.0602474
0.00309215
0.0176182
0.0240361
0.0114295
0.0434951
0.0477985
0.00550862
0.0146887
0.0579883
0.0734885
0.050524
0.0843223
0.0345672
0.0333739
0.0620108
0.0917326
0.0525641
0.0312581
0.054052
0.074275
0.0281772
0.0335561
0.0384404
0.0732327
0.029577
0.0325594
0.0153794
0.0572021
0.0482658
0.0210404
0.0975703
0.00551918
0.0387997
0.00547289
0.0538139
0.0115266
0.0287338
0.0489176
0.0697004
0.0340041
0.0579482
0.0712997
0.0314514
0.0534998
0.0365101
0.0129983
0.0603895
0.0557763
0.0377055
0.0661825
0.0321872
0.00343028
0.0379081
0.0509426
0.038573
0.0559734
0.0499464
0.0532644
0.0319458
0.0400227
0.0762119
0.0532402
0.046523
0.0603322
0.0351693
0.061914
0.0585864
0.0681147
0.0270925
0.00800477
0.00616427
0.0248318
0.0373821
0.0605419
0.0304879
0.0293637
0.0881642
0.0650035
0.0686033
0.0471826
0.016679
0.0331855
0.00593922
0.0704338
0.0383555
0.0536189
0.0582008
0.00741561
0.085624
0.0383445
0.0342134
0.0489843
0.0367512
0.0211546
0.0647093
0.0998224
0.0619976
0.028783
0.0407164
0.0758981
0.0531698
0.054173
0.0672005
0.0741784
0.015563
0.0473144
0.0329532
0.0674951
0.0399375
0.0670708
0.0235097
0.0681451
0.0660386
0.0506002
0.0552523
0.0360667
0.00372197
0.0530828
0.0492593
0.0355569
0.0892708
0.0280706
0.040572
0.00634083
0.0673862
0.0705953
0.0432254
0.0722398
0.0878707
0.0527687
0.0732956
0.0584223
0.0713205
0.0541438
0.0212238
0.076641
0.0285768
0.0547988
0.0129491
0.0116022
0.0597613
0.0633207
0.0834119
0.0209344
0.0677091
0.056894
0.0354795
0.0985763
0.0276412
0.0511723
