0.0655734
0.0655734
0.0715616
0.084458
0.00749933
0.0771799
0.034287
0.00113837
0.0646063
0.0415828
0.0409811
0.064654
0.0205949
0.017647
0.0253502
0.03891
0.0167168
0.0234371
0.0116006
0.0917737
0.0469885
0.047005
0.0637624
0.0342818
0.0864458
0.0106117
0.0481281
0.0634469
0.0728815
0.0323954
0.0496346
0.0545564
0.0250281
0.00720253
0.0333951
0.0575744
0.0157118
0.0412727
0.0524003
0.0205113
0.0433599
0.0409466
0.0285694
0.0717483
0.0587047
0.0425699
0.076657
0.0308412
0.0482607
0.0620172
0.0652264
0.076602
0.0885725
0.0501461
0.0200835
0.054042
0.0982056
0.0572239
0.0672821
0.0468163
0.0834667
0.0807992
0.0185744
0.0293566
0.026434
0.03838
0.0298606
0.0456874
0.0187312
0.0162406
0.0681699
0.0404097
0.0479955
0.0261679
0.0312885
0.0402401
0.0783863
0.0483735
0.0485464
0.0238668
0.0667342
0.0814636
0.011103
0.0387308
0.084252
0.0858038
0.0887755
0.0474104
0.0356753
0.0300351
0.0857993
0.0641682
0.00719404
0.0059838
0.0377443
0.081924
0.023947
0.0845195
0.0432615
0.0568348
0.0758697
0.0503402
0.00617007
0.0938717
0.0551608
0.0206191
0.0254147
0.0672044
0.0321732
0.0132011
0.0386489
0.0282942
0.0695907
0.0582363
0.0998115
0.0475368
0.0445355
0.0117261
0.00154899
0.0208739
0.0314281
0.0829696
0.0337994
0.0451552
0.0748464
0.0345014
0.031039
0.0521857
0.0303821
0.0322358
0.0694782
0.0714504
0.0487601
0.035768
0.0390723
0.0470632
0.0989537
0.0363149
0.00904467
0.0489309
0.0212597
0.0507738
0.0731873
0.037944
0.083556
0.0491593
0.0576571
0.0125273
0.0325857
0.0934735
0.0915437
0.0189306
0.0887482
0.0518612
0.0533699
0.0298632
0.0256632
0.00181447
0.0690597
0.00419832
0.0870538
0.0415371
0.0416347
0.0469718
0.0145963
0.0874258
0.0141375
0.0865199
0.0688763
0.0449572
0.0598893
0.0289849
0.0268406
0.0121466
0.0566401
0.053093
0.0168418
0.0399551
0.0609316
0.00423045
0.0476751
0.0160561
0.0458809
0.0283008
0.0189414
0.00865258
0.066108
0.0711698
0.0533999
0.0543899
0.0681125
0.0268888
0.0339037
0.0773982
0.0154451
0.050751
0.0465912
0.00840505
0.00906646
0.031924
0.0795843
0.0104271
0.0395653
0.0379816
0.096194
0.103198
0.0985839
0.0633973
0.0517493
0.0837972
0.0365726
0.0366431
0.0398876
0.059339
0.0289428
0.0790427
0.0480692
0.0274986
0.0209036
0.0495735
0.00802015
0.0174889
0.0507682
0.00155416
0.0759225
0.019506
0.031244
0.0379921
0.0455189
0.0073487
0.0663369
0.0472881
0.0571106
0.0340519
0.0695245
0.0560684
0.00854773
0.0254083
0.0796984
0.0297439
0.0417218
0.103193
0.0911664
0.00113837
0.0646063
0.0415828
0.0409811
0.064654
0.0205949
0.017647
0.0253502
0.03891
0.0167168
0.0234371
0.0116006
0.0917737
0.0469885
0.047005
0.0637624
0.0342818
0.0864458
0.0106117
0.0481281
0.0634469
0.0728815
0.0323954
0.0496346
0.0545564
0.0250281
0.00720253
0.0333951
0.0575744
0.0157118
0.0412727
0.0524003
0.0205113
0.0433599
0.0409466
0.0285694
0.0717483
0.0587047
0.0425699
0.076657
0.0308412
0.0482607
0.0620172
0.0652264
0.076602
0.0885725
0.0501461
0.0200835
0.054042
0.0982056
0.0572239
0.0672821
0.0468163
0.0834667
0.0807992
0.0185744
0.0293566
0.026434
0.03838
0.0298606
0.0456874
0.0187312
0.0162406
0.0681699
0.0404097
0.0479955
0.0261679
0.0312885
0.0402401
0.0783863
0.0483735
0.0485464
0.0238668
0.0667342
0.0814636
0.011103
0.0387308
0.084252
0.0858038
0.0887755
0.0474104
0.0356753
0.0300351
0.0857993
0.0641682
0.00719404
0.0059838
0.0377443
0.081924
0.023947
0.0845195
0.0432615
0.0568348
0.0758697
0.0503402
0.00617007
0.0938717
0.0551608
0.0206191
0.0254147
0.0672044
0.0321732
0.0132011
0.0386489
0.0282942
0.0695907
0.0582363
0.0998115
0.0475368
0.0445355
0.0117261
0.00154899
0.0208739
0.0314281
0.0829696
0.0337994
0.0451552
0.0748464
0.0345014
0.031039
0.0521857
0.0303821
0.0322358
0.0694782
0.0714504
0.0487601
0.035768
0.0390723
0.0470632
0.0989537
0.0363149
0.00904467
0.0489309
0.0212597
0.0507738
0.0731873
0.037944
0.083556
0.0491593
0.0576571
0.0125273
0.0325857
0.0934735
0.0915437
0.0189306
0.0887482
0.0518612
0.0533699
0.0298632
0.0256632
0.00181447
0.0690597
0.00419832
0.0870538
0.0415371
0.0416347
0.0469718
0.0145963
0.0874258
0.0141375
0.0865199
0.0688763
0.0449572
0.0598893
0.0289849
0.0268406
0.0121466
0.0566401
0.053093
0.0168418
0.0399551
0.0609316
0.00423045
0.0476751
0.0160561
0.0458809
0.0283008
0.0189414
0.00865258
0.066108
0.0711698
0.0533999
0.0543899
0.0681125
0.0268888
0.0339037
0.0773982
0.0154451
0.050751
0.0465912
0.00840505
0.00906646
0.031924
0.0795843
0.0104271
0.0395653
0.0379816
0.096194
0.103198
0.0985839
0.0633973
0.0517493
0.0837972
0.0365726
0.0366431
0.0398876
0.059339
0.0289428
0.0790427
0.0480692
0.0274986
0.0209036
0.0495735
0.00802015
0.0174889
0.0507682
0.00155416
0.0759225
0.019506
0.031244
0.0379921
0.0455189
0.0073487
0.0663369
0.0472881
0.0571106
0.0340519
0.0695245
0.0560684
0.00854773
0.0254083
0.0796984
0.0297439
0.0417218
0.103193
0.0911664
0.0310927
0.047733
0.0594197
0.00416563
0.0320769
0.039221
0.03618
0.0574656
0.0303681
0.0120405
0.023173
0.0335011
0.010015
0.0520809
0.106441
0.0701829
0.0491305
0.0111823
0.0571068
0.0243127
0.0404135
0.0694619
0.0242006
0.0357021
0.0730409
0.0323086
0.00655607
0.009798
0.0126131
0.0484015
0.0871039
0.096959
0.015371
0.0132776
0.04474
0.0596455
0.0489851
0.0371529
0.0435263
0.0640273
0.0437949
0.0206959
0.00748133
0.0124797
0.0599076
0.0409158
0.0521537
0.0382322
0.0207528
0.013775
0.0481107
0.0964178
0.100027
0.0139233
0.0139513
0.0331852
0.0668196
0.0148717
0.0301269
0.011607
0.059698
0.0532476
0.00731557
0.0821105
0.0778047
0.0419116
0.0581532
0.0699851
0.0138647
0.0658273
0.0595212
0.0457693
0.0243605
0.0447471
0.0529371
0.0664177
0.0180769
0.0412425
0.0279905
0.0932506
0.0854662
0.074839
0.0187546
0.0348987
0.05216
0.0237934
0.039598
0.0105693
0.0814458
0.0648109
0.0384919
0.0741079
0.0296647
0.0165284
0.0116293
0.101018
0.0313049
0.0136479
0.0897823
0.0680371
0.0717215
0.0734969
0.0154664
0.0498362
0.0378057
0.0333841
0.0658703
0.0415863
0.0627346
0.0391886
0.0325463
0.024303
0.030253
0.0600128
0.0201902
0.0718812
0.0254222
0.0147065
0.0657663
0.0384324
0.0495853
0.0673045
0.0216469
0.0280725
0.0349476
0.034893
0.0403892
0.0510566
0.0307915
0.0334266
0.0929681
0.0503245
0.0363305
0.0501757
0.0521423
0.0158273
0.0270619
0.0692898
0.0822906
0.0943123
0.0749859
0.0397868
0.0643359
0.0663017
0.0808678
0.0306263
0.0899472
0.0295278
0.0771217
0.0102243
0.0414486
0.0976146
0.0510897
0.00671876
0.0505763
0.038365
0.0560933
0.0807862
0.0781313
0.0444977
0.0557906
0.0504934
0.0378487
0.0678291
0.0398691
0.0222263
0.0624359
0.0768938
0.0334904
0.0760648
0.0315588
0.0425048
0.0750914
0.0530218
0.0409052
0.0437811
0.0158555
0.0136491
0.073279
0.0830638
0.0513853
0.0214975
0.0526511
0.0177721
0.077
0.0318224
0.0175046
0.0822977
0.083654
0.0760229
0.0479481
0.0422752
0.0667991
0.0287125
0.0154532
0.0536033
0.0875363
0.0571201
0.0187387
0.0223481
0.0930318
0.0319121
0.0702439
0.0466869
0.0710756
0.0538646
0.0516202
0.0317831
0.00957302
0.079949
0.0807573
0.0230257
0.0224027
0.0576917
0.0312715
0.0417442
0.015871
0.0269698
0.0491009
0.0439436
0.018067
0.0304994
0.0165751
0.0668401
0.0991384
0.0171681
0.0751255
0.0930667
0.0805781
0.0584181
0.0546291
0.0692724
0.016051
0.00143309
0.0472497
0.0437906
0.0305223
0.0522577
0.0301529
0.0873631
0.0564546
0.0452301
0.00985894
0.0373471
0.0420534
0.0187505
0.0106712
