0.0660092
0.0660092
0.0209244
0.0382043
0.0179605
0.0296679
0.056575
0.0617681
0.0611738
0.0548974
0.0836399
0.0259708
0.0368398
0.0406315
0.0375572
0.0424385
0.0960203
0.0355257
0.0671829
0.0765829
0.00986143
0.0279413
0.087853
0.0147416
0.00367467
0.0551464
0.0244454
0.017528
0.00393635
0.0257318
0.032322
0.0823344
0.0747089
0.0730418
0.0404991
0.0281706
0.0549524
0.0364374
0.0187228
0.0251765
0.0227167
0.0609026
0.02718
0.0349889
0.0212204
0.0344572
0.0853036
0.0957319
0.00589961
0.0033213
0.0686463
0.0488591
0.0706101
0.00191129
0.0589205
0.0477657
0.0700466
0.0693822
0.0186394
0.0168065
0.00318242
0.0517703
0.0416061
0.00672971
0.0592633
0.0508945
0.0269332
0.0308581
0.0219446
0.0277724
0.0478261
0.0294854
0.0978827
0.018616
0.0463183
0.0122201
0.0980686
0.0458967
0.0578647
0.0170633
0.0590683
0.00584308
0.050354
0.0140599
0.0191273
0.0695212
0.0205849
0.00819556
0.0269312
0.0814661
0.0326969
0.0481851
0.0119034
0.0281426
0.0124325
0.0295191
0.0483706
0.0346071
0.0843658
0.00545211
0.0242956
0.0692074
0.00575322
0.0739655
0.0416325
0.0601455
0.00433475
0.00224925
0.0682628
0.0730795
0.0496965
0.0613435
0.00717778
0.0335741
0.0139072
0.01136
0.0615984
0.0738486
0.00619161
0.0392367
0.0772254
0.0600671
0.0729981
0.014872
0.0453738
0.020621
0.00791716
0.0088753
0.0487163
0.0932919
0.078506
0.0398107
0.0336329
0.0211841
0.0534686
0.0412663
0.0831329
0.00736474
0.046248
0.0608946
0.0356891
0.0118615
0.0227397
0.0490946
0.00972303
0.00762004
0.0698088
0.00715895
0.0601153
0.0598969
0.0214399
0.0368937
0.0419889
0.0716469
0.0677364
0.00139993
0.0417969
0.0267751
0.0432997
0.042222
0.0163433
0.0716367
0.0203599
0.0533746
0.0626982
0.00985094
0.0863032
0.0544439
0.0187581
0.0521511
0.0408732
0.0507696
0.0767223
0.0144491
0.0813611
0.00891778
0.0734141
0.040368
0.0177082
0.0258204
0.0363508
0.00417558
0.0511235
0.0428855
0.048171
0.0132925
0.0106335
0.0108067
0.0299733
0.0424403
0.0385607
0.0580513
0.031388
0.0656331
0.0559941
0.0417716
0.0295032
0.0154705
0.0275212
0.029256
0.0148696
0.0595684
0.0324911
0.0461191
0.0293713
0.078286
0.0808696
0.0371508
0.0352164
0.0802474
0.0220314
0.0412181
0.0253971
0.0509011
0.0781414
0.030687
0.0257575
0.0342483
0.0751032
0.0531582
0.0101587
0.0729909
0.047881
0.0526671
0.0991883
0.0792276
0.0179605
0.0296679
0.056575
0.0617681
0.0611738
0.0548974
0.0836399
0.0259708
0.0368398
0.0406315
0.0375572
0.0424385
0.0960203
0.0355257
0.0671829
0.0765829
0.00986143
0.0279413
0.087853
0.0147416
0.00367467
0.0551464
0.0244454
0.017528
0.00393635
0.0257318
0.032322
0.0823344
0.0747089
0.0730418
0.0404991
0.0281706
0.0549524
0.0364374
0.0187228
0.0251765
0.0227167
0.0609026
0.02718
0.0349889
0.0212204
0.0344572
0.0853036
0.0957319
0.00589961
0.0033213
0.0686463
0.0488591
0.0706101
0.00191129
0.0589205
0.0477657
0.0700466
0.0693822
0.0186394
0.0168065
0.00318242
0.0517703
0.0416061
0.00672971
0.0592633
0.0508945
0.0269332
0.0308581
0.0219446
0.0277724
0.0478261
0.0294854
0.0978827
0.018616
0.0463183
0.0122201
0.0980686
0.0458967
0.0578647
0.0170633
0.0590683
0.00584308
0.050354
0.0140599
0.0191273
0.0695212
0.0205849
0.00819556
0.0269312
0.0814661
0.0326969
0.0481851
0.0119034
0.0281426
0.0124325
0.0295191
0.0483706
0.0346071
0.0843658
0.00545211
0.0242956
0.0692074
0.00575322
0.0739655
0.0416325
0.0601455
0.00433475
0.00224925
0.0682628
0.0730795
0.0496965
0.0613435
0.00717778
0.0335741
0.0139072
0.01136
0.0615984
0.0738486
0.00619161
0.0392367
0.0772254
0.0600671
0.0729981
0.014872
0.0453738
0.020621
0.00791716
0.0088753
0.0487163
0.0932919
0.078506
0.0398107
0.0336329
0.0211841
0.0534686
0.0412663
0.0831329
0.00736474
0.046248
0.0608946
0.0356891
0.0118615
0.0227397
0.0490946
0.00972303
0.00762004
0.0698088
0.00715895
0.0601153
0.0598969
0.0214399
0.0368937
0.0419889
0.0716469
0.0677364
0.00139993
0.0417969
0.0267751
0.0432997
0.042222
0.0163433
0.0716367
0.0203599
0.0533746
0.0626982
0.00985094
0.0863032
0.0544439
0.0187581
0.0521511
0.0408732
0.0507696
0.0767223
0.0144491
0.0813611
0.00891778
0.0734141
0.040368
0.0177082
0.0258204
0.0363508
0.00417558
0.0511235
0.0428855
0.048171
0.0132925
0.0106335
0.0108067
0.0299733
0.0424403
0.0385607
0.0580513
0.031388
0.0656331
0.0559941
0.0417716
0.0295032
0.0154705
0.0275212
0.029256
0.0148696
0.0595684
0.0324911
0.0461191
0.0293713
0.078286
0.0808696
0.0371508
0.0352164
0.0802474
0.0220314
0.0412181
0.0253971
0.0509011
0.0781414
0.030687
0.0257575
0.0342483
0.0751032
0.0531582
0.0101587
0.0729909
0.047881
0.0526671
0.0991883
0.0792276
0.0543131
0.062966
0.0650881
0.0653989
0.0279035
0.0488945
0.0103684
0.0629092
0.0576663
0.0255131
0.0808995
0.0230095
0.0501634
0.01884
0.0604019
0.0499547
0.0109046
0.0187917
0.0120248
0.0595408
0.00384526
0.0691756
0.0267463
0.0503902
0.0217044
0.0845158
0.00402904
0.074663
0.0840336
0.0485849
0.0130858
0.0302662
0.0624512
0.0366689
0.0732568
0.057511
0.0186683
0.0761661
0.00844655
0.0253426
0.0205408
0.0869658
0.0204525
0.0890178
0.080497
0.0148308
0.0320316
0.0298841
0.0812443
0.00931335
0.0268671
0.05991
0.0572709
0.0154036
0.0540635
0.0509516
0.00723138
0.05498
0.00783915
0.0164818
0.0477573
0.0588188
0.00822937
0.0671013
0.0692863
0.0130508
0.0715624
0.0400348
0.0565129
0.0462192
0.0621942
0.0806961
0.049808
0.0212698
0.014728
0.0530307
0.0369609
0.0735085
0.054576
0.0736835
0.0581692
0.0280307
0.02522
0.0215004
0.0865289
0.088413
0.0573246
0.0386846
0.0469868
0.0923824
0.0586573
0.0346922
0.0199138
0.0553677
0.0729095
0.0679483
0.0171247
0.0350171
0.0523798
0.03426
0.0071127
0.0505378
0.0219097
0.0334663
0.013354
0.0151532
0.0239563
0.0715932
0.0425096
0.0663661
0.0564441
0.0276386
0.0579294
0.0791799
0.0322268
0.104364
0.0617861
0.0595104
0.0633312
0.0508201
0.0423903
0.021563
0.0460128
0.0426076
0.0149205
0.0812364
0.0213608
0.04562
0.0780122
0.0237233
0.0804625
0.0207735
0.0329022
0.0434211
0.0462137
0.0914291
0.0586864
0.0112107
0.0475415
0.0807024
0.00446219
0.0102641
0.051001
0.0645954
0.0323646
0.0560742
0.0621608
0.0579506
0.080223
0.0157772
0.0655931
0.0522025
0.0185397
0.0496913
0.0440589
0.0672712
0.0780714
0.0472817
0.050811
0.0587669
0.0496825
0.0340162
0.039116
0.024868
0.017365
0.0243368
0.0039455
0.0190967
0.00765267
0.0100258
0.0302065
0.0882752
0.0554247
0.0475865
0.0844254
0.039408
0.0427023
0.0669967
0.0126152
0.0191406
0.0441969
0.103516
0.0451542
0.0616013
0.0436954
0.00650312
0.0366488
0.032374
0.0288616
0.0622121
0.0680309
0.00910844
0.0514338
0.0704316
0.0449939
0.048539
0.0715922
0.0854138
0.0602121
0.0041447
0.0143167
0.0368518
0.00471234
0.00646875
0.0225335
0.0325
0.0641195
0.0751011
0.0211982
0.072456
0.0129375
0.0222017
0.0213816
0.0389287
0.0534569
0.0123944
0.0714934
0.00444584
0.0127823
0.0405496
0.0525945
0.0565633
0.0507797
0.0796993
0.0583914
0.0183379
0.0569304
0.0810535
0.0534916
0.0633141
0.0353418
