0.0179605
0.0296679
0.0179605
0.0296679
0.0521916
0.0301985
0.0823306
0.0455068
0.0400266
0.0499332
0.0515437
0.0281044
0.0403394
0.0160921
0.0815894
0.026007
0.0372891
0.0832538
0.0774088
0.0641688
0.0477227
0.0246582
0.0656534
0.0423041
0.0493633
0.0200469
0.0190788
0.082455
0.0257253
0.0145144
0.0229043
0.0657319
0.0088112
0.0437086
0.0722285
0.0276014
0.0461206
0.0169299
0.0426271
0.029478
0.0273863
0.0206963
0.0714981
0.0197721
0.0785301
0.0195291
0.0502803
0.0734808
0.0111554
0.0349221
0.0415722
0.00183674
0.0405026
0.0702901
0.0300547
0.027125
0.0592906
0.0473975
0.0177839
0.0319133
0.0323042
0.0698687
0.0575491
0.07482
0.0447366
0.0634506
0.0623526
0.101783
0.0741979
0.0942772
0.0366566
0.0121989
0.0514738
0.0246
0.0753115
0.0870304
0.033216
0.0336854
0.0304319
0.0177739
0.0259958
0.0495997
0.0543756
0.0640651
0.0639591
0.023873
0.0742853
0.0400857
0.00110248
0.026139
0.0373068
0.0594076
0.0828986
0.0413502
0.0545113
0.0167576
0.0387474
0.0690349
0.0152585
0.0220436
0.0666194
0.0139964
0.0243364
0.0383068
0.0158193
0.073168
0.0380474
0.0117951
0.0600914
0.00915088
0.0506118
0.00372357
0.0438131
0.0137781
0.0509067
0.00201163
0.0314021
0.0213108
0.0320609
0.0504924
0.0316054
0.0152763
0.0974102
0.0200702
0.00713119
0.0560571
0.0334848
0.0230986
0.0172255
0.0197483
0.0290215
0.02194
0.092719
0.0181628
0.0542136
0.0553944
0.0128885
0.0763924
0.0754304
0.0650292
0.0343248
0.0405876
0.0107209
0.0166757
0.01261
0.0391914
0.0426602
0.0579134
0.0903656
0.0111797
0.0292359
0.0437916
0.0407005
0.0238786
0.0117632
0.0745822
0.0686886
0.0723575
0.0524391
0.0711132
0.0635734
0.0808331
0.00911518
0.0581483
0.0170014
0.0527349
0.0703002
0.0444361
0.0513676
0.0654946
0.0335475
0.0040309
0.0276627
0.0426466
0.0588684
0.00594479
0.0453766
0.0482021
0.073452
0.0278581
0.0372498
0.0359735
0.0812632
0.0977935
0.0219435
0.0072301
0.0488843
0.0775381
0.102679
0.0801018
0.0293257
0.0368348
0.033955
0.0133359
0.0176592
0.0336381
0.0823306
0.0455068
0.0400266
0.0499332
0.0515437
0.0281044
0.0403394
0.0160921
0.0815894
0.026007
0.0372891
0.0832538
0.0774088
0.0641688
0.0477227
0.0246582
0.0656534
0.0423041
0.0493633
0.0200469
0.0190788
0.082455
0.0257253
0.0145144
0.0229043
0.0657319
0.0088112
0.0437086
0.0722285
0.0276014
0.0461206
0.0169299
0.0426271
0.029478
0.0273863
0.0206963
0.0714981
0.0197721
0.0785301
0.0195291
0.0502803
0.0734808
0.0111554
0.0349221
0.0415722
0.00183674
0.0405026
0.0702901
0.0300547
0.027125
0.0592906
0.0473975
0.0177839
0.0319133
0.0323042
0.0698687
0.0575491
0.07482
0.0447366
0.0634506
0.0623526
0.101783
0.0741979
0.0942772
0.0366566
0.0121989
0.0514738
0.0246
0.0753115
0.0870304
0.033216
0.0336854
0.0304319
0.0177739
0.0259958
0.0495997
0.0543756
0.0640651
0.0639591
0.023873
0.0742853
0.0400857
0.00110248
0.026139
0.0373068
0.0594076
0.0828986
0.0413502
0.0545113
0.0167576
0.0387474
0.0690349
0.0152585
0.0220436
0.0666194
0.0139964
0.0243364
0.0383068
0.0158193
0.073168
0.0380474
0.0117951
0.0600914
0.00915088
0.0506118
0.00372357
0.0438131
0.0137781
0.0509067
0.00201163
0.0314021
0.0213108
0.0320609
0.0504924
0.0316054
0.0152763
0.0974102
0.0200702
0.00713119
0.0560571
0.0334848
0.0230986
0.0172255
0.0197483
0.0290215
0.02194
0.092719
0.0181628
0.0542136
0.0553944
0.0128885
0.0763924
0.0754304
0.0650292
0.0343248
0.0405876
0.0107209
0.0166757
0.01261
0.0391914
0.0426602
0.0579134
0.0903656
0.0111797
0.0292359
0.0437916
0.0407005
0.0238786
0.0117632
0.0745822
0.0686886
0.0723575
0.0524391
0.0711132
0.0635734
0.0808331
0.00911518
0.0581483
0.0170014
0.0527349
0.0703002
0.0444361
0.0513676
0.0654946
0.0335475
0.0040309
0.0276627
0.0426466
0.0588684
0.00594479
0.0453766
0.0482021
0.073452
0.0278581
0.0372498
0.0359735
0.0812632
0.0977935
0.0219435
0.0072301
0.0488843
0.0775381
0.102679
0.0801018
0.0293257
0.0368348
0.033955
0.0133359
0.0176592
0.0336381
0.0114728
0.053386
0.0612736
0.00898222
0.0497511
0.0455433
0.0211794
0.055572
0.0385987
0.0868734
0.0588114
0.0891408
0.0284279
0.0827844
0.0695972
0.0514524
0.0545098
0.0652717
0.0354332
0.0470753
0.0326513
0.00548936
0.0169836
0.0593371
0.0368646
0.0141867
0.0529882
0.0571887
0.0527766
0.0523804
0.0484969
0.0188145
0.0359608
0.0789291
0.0338005
0.0134812
0.0443975
0.0102284
0.04239
0.0289151
0.0459811
0.00914886
0.000826045
0.0795161
0.0768902
0.0519215
0.00938902
0.0227644
0.0101267
0.00770383
0.0160172
0.0123166
0.0293098
0.0311568
0.0630761
0.0375659
0.0282101
0.0296128
0.0215917
0.0531502
0.0246464
0.00326165
0.0964154
0.0643083
0.025173
0.067914
0.0015566
0.0864706
0.100356
0.0639389
0.0471908
0.0489631
0.0256925
0.0512669
0.0353442
0.0725217
0.00507852
0.0685514
0.047469
0.0755232
0.0435331
0.00162447
0.0394182
0.0267416
0.0810082
0.0393072
0.0466934
0.0640111
0.0698863
0.0477391
0.0291324
0.0719357
0.0347521
0.081649
0.0772571
0.0625471
0.103141
0.0398801
0.0285231
0.0545698
0.0998258
0.0566279
0.0634688
0.104596
0.0962257
0.0427118
0.026617
0.0344022
0.0635684
0.0138455
0.0712442
0.0593819
0.0354791
0.0299686
0.0113701
0.041137
0.0634874
0.0500306
0.045338
0.0212957
0.0411192
0.0858088
0.0449976
0.0310515
0.0722437
0.0924791
0.00734652
0.00833223
0.0386236
0.020783
0.068744
0.0259378
0.00899279
0.0679937
0.0196404
0.0301581
0.0192513
0.0216481
0.0326888
0.0690408
0.0650261
0.0571764
0.048363
0.0400588
0.0697579
0.0849723
0.0228892
0.0472426
0.0258226
0.0572748
0.0414718
0.0796829
0.0328015
0.0503021
0.00491674
0.00501077
0.0226406
0.0676447
0.0327901
0.0876123
0.00173761
0.0179317
0.00617139
0.0999738
0.00744346
0.0882233
0.0924991
0.024518
0.0501778
0.0575538
0.0320579
0.0785322
0.0451169
0.0356787
0.0302064
0.0633607
0.065692
0.015807
0.0277765
0.0287265
0.0441574
0.0294296
0.0325205
0.0598436
0.085352
0.0108322
0.0221663
0.0227163
0.0144893
0.0594388
0.0259999
0.0231256
0.0582565
0.0117818
0.0330103
0.0843328
0.0844392
0.00298676
0.0176569
0.0396775
0.0472338
0.0564677
0.0802866
0.0298934
0.0124725
0.0109322
0.050626
0.0273558
0.0159823
0.0136745
0.0333269
0.00567273
0.100673
0.0176484
0.0557608
0.0787006
0.0335112
0.041177
0.0154459
0.0669299
0.0186219
0.0522605
0.0902839
0.00517062
0.0354245
0.068603
0.0369151
