0.0298487
0.0660092
0.0354911
0.0680416
0.0661367
0.0652978
0.0619054
0.0215909
0.0187316
0.094719
0.0538139
0.0705813
0.0983409
0.0528615
0.0164733
0.0361614
0.0109637
0.017753
0.0311349
0.0263687
0.0932151
0.103741
0.0330839
0.0570998
0.0300124
0.00166769
0.0191132
0.0310042
0.0219021
0.0545851
0.0849569
0.0672207
0.0240568
0.0515667
0.0311338
0.0300096
0.00788708
0.0623278
0.0396577
0.0624508
0.0792067
0.094439
0.0692906
0.00547785
0.0812106
0.0616165
0.073794
0.0177524
0.0526348
0.0445265
0.0159195
0.0496032
0.0143036
0.0492493
0.072286
0.0553135
0.0225541
0.0269307
0.0713131
0.0251901
0.0391967
0.0206974
0.0567921
0.0374262
0.082918
0.0402075
0.0150965
0.0485168
0.0407063
0.0199931
0.0200396
0.0293253
0.0979858
0.0304003
0.10704
0.0107522
0.0972705
0.0522165
0.0255689
0.0455939
0.0649082
0.0202204
0.0482135
0.0591662
0.0931634
0.0473026
0.0193235
0.0886425
0.0426544
0.0292338
0.00671487
0.0499308
0.038475
0.0400172
0.0332603
0.0170717
0.0347856
0.0936042
0.0275838
0.0824537
0.013838
0.0458935
0.0553379
0.0532294
0.0663857
0.00982916
0.0803474
0.046006
0.0525979
0.100268
0.0551564
0.0379902
0.0255134
0.0323475
0.0392504
0.0195739
0.0240339
0.0809338
0.0326914
0.061542
0.0315678
0.0155714
0.0908569
0.0873767
0.0739395
0.0379546
0.0318465
0.0118367
0.0335615
0.0236875
0.0287055
0.0290751
0.0280244
0.0715631
0.00293769
0.0777366
0.0275552
0.0328719
0.00914919
0.0291809
0.0574797
0.0364611
0.00697734
0.057978
0.00980708
0.0242479
0.0423231
0.0608148
0.032275
0.0534265
0.092028
0.0690635
0.056385
0.0457469
0.0643884
0.0627024
0.0084308
0.0876986
0.0891552
0.0207597
0.0161306
0.0659274
0.00625792
0.0177692
0.0564529
0.0574699
0.010373
0.0751491
0.019182
0.0568967
0.0261702
0.0161385
0.0294943
0.0890925
0.0466936
0.0825868
0.0084134
0.0761121
0.00372982
0.01424
0.0080918
0.00737784
0.0462876
0.0188347
0.0277429
0.0440211
0.0762521
0.0411337
0.0781897
0.0672718
0.028516
0.076004
0.0265331
0.0109588
0.0609118
0.0432269
0.0275773
0.00137816
0.0266934
0.0944708
0.0374111
0.0523911
0.0348355
0.01131
0.0538287
0.0125023
0.0374246
0.0259742
0.0432096
0.00779396
0.0464895
0.00574772
0.00509597
0.073702
0.0366182
0.0669859
0.00386559
0.035189
0.0818227
0.0561729
0.0227426
0.0608963
0.0660092
0.0354911
0.0680416
0.0661367
0.0652978
0.0619054
0.0215909
0.0187316
0.094719
0.0538139
0.0705813
0.0983409
0.0528615
0.0164733
0.0361614
0.0109637
0.017753
0.0311349
0.0263687
0.0932151
0.103741
0.0330839
0.0570998
0.0300124
0.00166769
0.0191132
0.0310042
0.0219021
0.0545851
0.0849569
0.0672207
0.0240568
0.0515667
0.0311338
0.0300096
0.00788708
0.0623278
0.0396577
0.0624508
0.0792067
0.094439
0.0692906
0.00547785
0.0812106
0.0616165
0.073794
0.0177524
0.0526348
0.0445265
0.0159195
0.0496032
0.0143036
0.0492493
0.072286
0.0553135
0.0225541
0.0269307
0.0713131
0.0251901
0.0391967
0.0206974
0.0567921
0.0374262
0.082918
0.0402075
0.0150965
0.0485168
0.0407063
0.0199931
0.0200396
0.0293253
0.0979858
0.0304003
0.10704
0.0107522
0.0972705
0.0522165
0.0255689
0.0455939
0.0649082
0.0202204
0.0482135
0.0591662
0.0931634
0.0473026
0.0193235
0.0886425
0.0426544
0.0292338
0.00671487
0.0499308
0.038475
0.0400172
0.0332603
0.0170717
0.0347856
0.0936042
0.0275838
0.0824537
0.013838
0.0458935
0.0553379
0.0532294
0.0663857
0.00982916
0.0803474
0.046006
0.0525979
0.100268
0.0551564
0.0379902
0.0255134
0.0323475
0.0392504
0.0195739
0.0240339
0.0809338
0.0326914
0.061542
0.0315678
0.0155714
0.0908569
0.0873767
0.0739395
0.0379546
0.0318465
0.0118367
0.0335615
0.0236875
0.0287055
0.0290751
0.0280244
0.0715631
0.00293769
0.0777366
0.0275552
0.0328719
0.00914919
0.0291809
0.0574797
0.0364611
0.00697734
0.057978
0.00980708
0.0242479
0.0423231
0.0608148
0.032275
0.0534265
0.092028
0.0690635
0.056385
0.0457469
0.0643884
0.0627024
0.0084308
0.0876986
0.0891552
0.0207597
0.0161306
0.0659274
0.00625792
0.0177692
0.0564529
0.0574699
0.010373
0.0751491
0.019182
0.0568967
0.0261702
0.0161385
0.0294943
0.0890925
0.0466936
0.0825868
0.0084134
0.0761121
0.00372982
0.01424
0.0080918
0.00737784
0.0462876
0.0188347
0.0277429
0.0440211
0.0762521
0.0411337
0.0781897
0.0672718
0.028516
0.076004
0.0265331
0.0109588
0.0609118
0.0432269
0.0275773
0.00137816
0.0266934
0.0944708
0.0374111
0.0523911
0.0348355
0.01131
0.0538287
0.0125023
0.0374246
0.0259742
0.0432096
0.00779396
0.0464895
0.00574772
0.00509597
0.073702
0.0366182
0.0669859
0.00386559
0.035189
0.0818227
0.0561729
0.0227426
0.0608963
0.0298548
0.0360261
0.06801
0.0573782
0.0470578
0.0525733
0.0718362
0.0134779
0.041749
0.0297287
0.0336275
0.0289071
0.0561855
0.0386587
0.0372994
0.0080261
0.0931485
0.037575
0.0873015
0.0387921
0.0365871
0.00316742
0.0222662
0.0590673
0.0159427
0.0571023
0.0533264
0.0938146
0.0565309
0.0225125
0.0357855
0.0636443
0.0596294
0.00189366
0.04941
0.0484287
0.0228233
0.0673315
0.0456156
0.0290145
0.041588
0.00778354
0.0571774
0.0386571
0.086438
0.0644116
0.0590966
0.0237559
0.0906446
0.0162342
0.096399
0.0839962
0.0472303
0.0333409
0.0824072
0.0184092
0.0966431
0.0466563
0.0229499
0.0731392
0.0263496
0.0815789
0.0111853
0.0195624
0.00867514
0.0624709
0.0691038
0.0412931
0.0216978
0.0506135
0.0385717
0.0305757
0.0296785
0.0100981
0.0514913
0.0804052
0.00739665
0.0676031
0.0545583
0.0303589
0.0391914
0.0514144
0.0527038
0.0444773
0.0684201
0.0241645
0.0476372
0.0199552
0.0434413
0.0128278
0.049813
0.050692
0.0755004
0.065499
0.0646126
0.068953
0.056086
0.0478538
0.0142536
0.0360867
0.0601494
0.0756726
0.0176871
0.104509
0.00802655
0.07843
0.00599125
0.0678191
0.0515997
0.0301291
0.083094
0.0661982
0.0449803
0.02076
0.0547888
0.0181013
0.0155831
0.0600292
0.00887533
0.0386956
0.0809047
0.0208278
0.0438954
0.0359277
0.0264716
0.0731239
0.0456454
0.0781993
0.100431
0.00954711
0.0415607
0.052194
0.0286446
0.0565372
0.0328831
0.0807889
0.0544558
0.0130923
0.0720544
0.0141868
0.0605704
0.0304738
0.0587327
0.0498082
0.0743138
0.0610772
0.0744968
0.0351774
0.0868097
0.0279414
0.0189055
0.0149413
0.0654121
0.0285878
0.0997091
0.060599
0.0966313
0.0485276
0.032651
0.0342922
0.0430788
0.0410188
0.0398281
0.0431956
0.0653914
0.0278036
0.019262
0.0280832
0.0523262
0.0217371
0.00972853
0.013164
0.009347
0.0474302
0.0233302
0.0106635
0.0569309
0.0722165
0.0185988
0.0505611
0.0523179
0.0835299
0.0201496
0.00836985
0.0828363
0.0795403
0.0178491
0.0128307
0.0281791
0.0269171
0.0846659
0.0108033
0.0543088
0.0789563
0.00810457
0.0144782
0.0595866
0.0626911
0.024354
0.078048
0.0176845
0.0112342
0.04217
0.0434401
0.0878691
0.0867325
0.0632074
0.0578743
0.00516375
0.10044
0.0349695
0.0784608
0.0610682
