0.0244746
0.00916822
0.0244746
0.00916822
0.0244746
0.00916822
0.0481363
0.0870062
0.0315899
0.0330434
0.0412487
0.0144306
0.0367546
0.0296923
0.00360267
0.0205858
0.0818254
0.0669938
0.041737
0.0309779
0.0608796
0.0286164
0.0518511
0.0202578
0.0396489
0.0441612
0.0111207
0.00449833
0.0747634
0.0377035
0.00992674
0.0547874
0.0609294
0.0534704
0.00694258
0.0483471
0.0841526
0.0357391
0.0052471
0.00865814
0.0326382
0.0678906
0.0459429
0.0343296
0.0251199
0.0106996
0.0917532
0.0700842
0.0574462
0.0196371
0.0604556
0.0748268
0.100667
0.0205093
0.0201002
0.0305596
0.0623471
0.0668403
0.0487696
0.0778258
0.083657
0.0193602
0.00406854
0.0463115
0.0341986
0.00139848
0.0506506
0.0450546
0.0290696
0.0348078
0.0389046
0.0731515
0.0123839
0.0879609
0.0608873
0.00446381
0.0618403
0.00986601
0.0668017
0.0800234
0.0331126
0.0610682
0.0324737
0.0657202
0.0181225
0.00439122
0.0257558
0.0286924
0.0413044
0.00672565
0.0364009
0.0779596
0.0686039
0.0490312
0.0460704
0.0716739
0.0714812
0.0191551
0.0298344
0.0605726
0.038973
0.0177959
0.0149965
0.0450238
0.0531545
0.0195001
0.0883204
0.0266181
0.0124984
0.0656686
0.0389129
0.0681001
0.0678233
0.0928248
0.0748093
0.043287
0.0906728
0.0475715
0.0735512
0.0784949
0.047223
0.0239232
0.0126219
0.019936
0.0771545
0.0551014
0.0147412
0.0416159
0.0231807
0.0482038
0.0221678
0.0302768
0.0545272
0.0925143
0.0616406
0.042184
0.080924
0.0405535
0.0253366
0.0522848
0.051532
0.00917695
0.0347479
0.0327507
0.0233485
0.0331449
0.0507648
0.0389822
0.0349226
0.00456185
0.0693202
0.0352183
0.0862394
0.064358
0.0295196
0.0702185
0.0418738
0.0791764
0.00779627
0.0732358
0.0276644
0.0211859
0.0708263
0.027156
0.0468424
0.0269613
0.0805742
0.0346584
0.0377906
0.0395618
0.0803916
0.0247058
0.0764731
0.0485055
0.04802
0.0574086
0.0434983
0.032609
0.0601988
0.0887544
0.0412328
0.093365
0.0370772
0.0325905
0.0568101
0.0443655
0.0173567
0.0519908
0.0597774
0.0110401
0.0247629
0.0775876
0.0182089
0.077141
0.0201003
0.0313166
0.0238236
0.0504928
0.0404504
0.0394631
0.0561697
0.0250019
0.0635927
0.00590044
0.0143673
0.0948386
0.0735184
0.0178561
0.0144965
0.0631835
0.0151832
0.0615997
0.0127975
0.00612798
0.0339961
0.0472332
0.0106874
0.055362
0.0885748
0.0492014
0.00883561
0.0561707
0.0167015
0.0322787
0.00935406
0.0763688
0.0403314
0.00858654
0.0832473
0.0269405
0.035546
0.071748
0.00307115
0.0244746
0.00916822
0.0481363
0.0870062
0.0315899
0.0330434
0.0412487
0.0144306
0.0367546
0.0296923
0.00360267
0.0205858
0.0818254
0.0669938
0.041737
0.0309779
0.0608796
0.0286164
0.0518511
0.0202578
0.0396489
0.0441612
0.0111207
0.00449833
0.0747634
0.0377035
0.00992674
0.0547874
0.0609294
0.0534704
0.00694258
0.0483471
0.0841526
0.0357391
0.0052471
0.00865814
0.0326382
0.0678906
0.0459429
0.0343296
0.0251199
0.0106996
0.0917532
0.0700842
0.0574462
0.0196371
0.0604556
0.0748268
0.100667
0.0205093
0.0201002
0.0305596
0.0623471
0.0668403
0.0487696
0.0778258
0.083657
0.0193602
0.00406854
0.0463115
0.0341986
0.00139848
0.0506506
0.0450546
0.0290696
0.0348078
0.0389046
0.0731515
0.0123839
0.0879609
0.0608873
0.00446381
0.0618403
0.00986601
0.0668017
0.0800234
0.0331126
0.0610682
0.0324737
0.0657202
0.0181225
0.00439122
0.0257558
0.0286924
0.0413044
0.00672565
0.0364009
0.0779596
0.0686039
0.0490312
0.0460704
0.0716739
0.0714812
0.0191551
0.0298344
0.0605726
0.038973
0.0177959
0.0149965
0.0450238
0.0531545
0.0195001
0.0883204
0.0266181
0.0124984
0.0656686
0.0389129
0.0681001
0.0678233
0.0928248
0.0748093
0.043287
0.0906728
0.0475715
0.0735512
0.0784949
0.047223
0.0239232
0.0126219
0.019936
0.0771545
0.0551014
0.0147412
0.0416159
0.0231807
0.0482038
0.0221678
0.0302768
0.0545272
0.0925143
0.0616406
0.042184
0.080924
0.0405535
0.0253366
0.0522848
0.051532
0.00917695
0.0347479
0.0327507
0.0233485
0.0331449
0.0507648
0.0389822
0.0349226
0.00456185
0.0693202
0.0352183
0.0862394
0.064358
0.0295196
0.0702185
0.0418738
0.0791764
0.00779627
0.0732358
0.0276644
0.0211859
0.0708263
0.027156
0.0468424
0.0269613
0.0805742
0.0346584
0.0377906
0.0395618
0.0803916
0.0247058
0.0764731
0.0485055
0.04802
0.0574086
0.0434983
0.032609
0.0601988
0.0887544
0.0412328
0.093365
0.0370772
0.0325905
0.0568101
0.0443655
0.0173567
0.0519908
0.0597774
0.0110401
0.0247629
0.0775876
0.0182089
0.077141
0.0201003
0.0313166
0.0238236
0.0504928
0.0404504
0.0394631
0.0561697
0.0250019
0.0635927
0.00590044
0.0143673
0.0948386
0.0735184
0.0178561
0.0144965
0.0631835
0.0151832
0.0615997
0.0127975
0.00612798
0.0339961
0.0472332
0.0106874
0.055362
0.0885748
0.0492014
0.00883561
0.0561707
0.0167015
0.0322787
0.00935406
0.0763688
0.0403314
0.00858654
0.0832473
0.0269405
0.035546
0.071748
0.00307115
0.0155282
0.031905
0.0478253
0.0891434
0.00823046
0.0389304
0.0648524
0.0860545
0.0105771
0.0355412
0.0586392
0.0823963
0.011243
0.016097
0.0327918
0.00259593
0.0618178
0.0691202
0.0595284
0.0263555
0.0475699
0.0225414
0.0150912
0.0595608
0.0555133
0.0176743
0.032925
0.0530073
0.0811508
0.023119
0.0656741
0.010939
0.0944544
0.0362776
0.0641487
0.0305323
0.0300586
0.0631485
0.0785756
0.0079117
0.0113261
0.0724239
0.0721402
0.0536933
0.0722776
0.065552
0.0328132
0.0184561
0.0286693
0.0598629
0.098755
0.0750533
0.0720998
0.0579517
0.0279838
0.0320629
0.0489075
0.0182363
0.0272134
0.0780912
0.0480202
0.0306173
0.0567844
0.0268561
0.0138312
0.019976
0.0490504
0.0755789
0.0327109
0.0472091
0.0440886
0.0208764
0.0733395
0.0162947
0.0315289
0.0694172
0.0727262
0.0509613
0.036284
0.00709761
0.0801328
0.0081274
0.0919841
0.0638027
0.031283
0.061003
0.0346007
0.0528432
0.0247015
0.0530905
0.00686422
0.0122041
0.0414263
0.0776021
0.0939244
0.0439933
0.0106891
0.0235757
0.0201024
0.0318034
0.0111572
0.0421551
0.0512022
0.0568654
0.0558079
0.0619065
0.0719653
0.0326521
0.0176104
0.0320235
0.0852004
0.0357076
0.051323
0.081639
0.0770151
0.00645363
0.0792989
0.00999008
0.0156774
0.0383578
0.0144241
0.0412632
0.0533104
0.0536907
0.0800247
0.0289448
0.0522691
0.0248533
0.0594895
0.0260491
0.0304694
0.0493152
0.041181
0.0328829
0.071579
0.0593872
0.0198256
0.0454984
0.0174745
0.0197753
0.0653686
0.0442003
0.0677925
0.0309273
0.0373177
0.062878
0.0781165
0.0769883
0.04733
0.0629507
0.0369857
0.048461
0.0140899
0.0553627
0.0232053
0.0772489
0.0933148
0.0606214
0.0467962
0.0834899
0.0189083
0.0619895
0.0950674
0.0657757
0.0251101
0.0111872
0.0543851
0.0609343
0.0410735
0.00908683
0.0167206
0.0433266
0.0206546
0.0838718
0.0568967
0.0221083
0.0150523
0.0489571
0.0922722
0.0926044
0.0955693
0.0960122
0.0544575
0.098895
0.036217
0.0943849
0.0175432
0.0241238
0.00949567
0.0476718
0.0705809
0.0082606
0.0592571
0.0434433
0.0358126
0.0224387
0.0901321
0.0100124
0.0842497
