0.0122685
0.0809777
0.0252566
0.0122685
0.0809777
0.0252566
0.00425015
0.0178879
0.0819803
0.0823513
0.0268454
0.029948
0.0564184
0.0199273
0.0381835
0.00843936
0.0850249
0.0389038
0.0365795
0.0467886
0.00498421
0.0220292
0.0428201
0.0415702
0.061257
0.049504
0.0102054
0.0519537
0.0873267
0.0102253
0.0175922
0.0248573
0.0515417
0.0256023
0.0858182
0.0992391
0.00467518
0.0447767
0.043822
0.0824712
0.0278086
0.0662118
0.0792699
0.00296779
0.00336401
0.0215688
0.095729
0.0197731
0.0789396
0.016091
0.040036
0.0518365
0.0702315
0.0818659
0.0420615
0.0411615
0.0411353
0.0422937
0.0722832
0.0366134
0.057548
0.0774361
0.0586375
0.0914538
0.0691292
0.0498997
0.00535789
0.067145
0.0308974
0.0109997
0.0257064
0.0643453
0.0922876
0.0817451
0.0621328
0.00754349
0.0133303
0.0435557
0.0887726
0.0431272
0.0155344
0.00468762
0.0354801
0.0570429
0.0330027
0.054115
0.0821639
0.0390568
0.0678346
0.0395351
0.0267416
0.06673
0.0850205
0.0176131
0.0231778
0.0690824
0.0199265
0.045629
0.0794669
0.0692561
0.0218137
0.0470839
0.0784001
0.0542112
0.0452239
0.0190386
0.0259872
0.0539954
0.0181154
0.0333378
0.0244729
0.045643
0.0165423
0.0903922
0.0077677
0.011981
0.0442046
0.10097
0.0113276
0.0429753
0.0263676
0.0293133
0.0309076
0.0566964
0.0093987
0.0141973
0.101668
0.037244
0.0429851
0.0126737
0.0647263
0.0706972
0.0339365
0.0561149
0.0355351
0.0237974
0.0664611
0.050704
0.0769907
0.0737361
0.0442577
0.0179334
0.00922838
0.0965857
0.060432
0.00416825
0.0109736
0.0317402
0.060676
0.00627703
0.0595662
0.031162
0.073479
0.0596975
0.0164599
0.0577318
0.0128572
0.0149412
0.0428709
0.0106459
0.0308242
0.0102076
0.0842901
0.0778029
0.0391121
0.0742655
0.0679068
0.0682094
0.0833474
0.0716833
0.0628338
0.032383
0.0548029
0.0303972
0.0810662
0.094825
0.0583332
0.0584166
0.0626445
0.0215082
0.0925481
0.0348402
0.0884593
0.0420855
0.0395925
0.0784865
0.044674
0.0581673
0.0592121
0.0725033
0.0416487
0.0493648
0.0703536
0.0396567
0.0634655
0.0437686
0.00456514
0.0194597
0.0402177
0.0639857
0.074919
0.0795687
0.0904001
0.0663349
0.0582894
0.0203221
0.0475552
0.101426
0.0377222
0.0273691
0.0521412
0.0809718
0.0343843
0.0768918
0.0400292
0.0307564
0.0107001
0.0330225
0.00400423
0.00677721
0.0717133
0.0248976
0.0394199
0.0157008
0.0244206
0.0366808
0.0547551
0.0482603
0.0142632
0.0265663
0.0507111
0.0261809
0.0611514
0.074955
0.0618963
0.0619397
0.0480936
0.0725079
0.0515009
0.0442021
0.0804171
0.0190241
0.0632791
0.0537795
0.0876384
0.0374848
0.0475312
0.0196894
0.0178879
0.0819803
0.0823513
0.0268454
0.029948
0.0564184
0.0199273
0.0381835
0.00843936
0.0850249
0.0389038
0.0365795
0.0467886
0.00498421
0.0220292
0.0428201
0.0415702
0.061257
0.049504
0.0102054
0.0519537
0.0873267
0.0102253
0.0175922
0.0248573
0.0515417
0.0256023
0.0858182
0.0992391
0.00467518
0.0447767
0.043822
0.0824712
0.0278086
0.0662118
0.0792699
0.00296779
0.00336401
0.0215688
0.095729
0.0197731
0.0789396
0.016091
0.040036
0.0518365
0.0702315
0.0818659
0.0420615
0.0411615
0.0411353
0.0422937
0.0722832
0.0366134
0.057548
0.0774361
0.0586375
0.0914538
0.0691292
0.0498997
0.00535789
0.067145
0.0308974
0.0109997
0.0257064
0.0643453
0.0922876
0.0817451
0.0621328
0.00754349
0.0133303
0.0435557
0.0887726
0.0431272
0.0155344
0.00468762
0.0354801
0.0570429
0.0330027
0.054115
0.0821639
0.0390568
0.0678346
0.0395351
0.0267416
0.06673
0.0850205
0.0176131
0.0231778
0.0690824
0.0199265
0.045629
0.0794669
0.0692561
0.0218137
0.0470839
0.0784001
0.0542112
0.0452239
0.0190386
0.0259872
0.0539954
0.0181154
0.0333378
0.0244729
0.045643
0.0165423
0.0903922
0.0077677
0.011981
0.0442046
0.10097
0.0113276
0.0429753
0.0263676
0.0293133
0.0309076
0.0566964
0.0093987
0.0141973
0.101668
0.037244
0.0429851
0.0126737
0.0647263
0.0706972
0.0339365
0.0561149
0.0355351
0.0237974
0.0664611
0.050704
0.0769907
0.0737361
0.0442577
0.0179334
0.00922838
0.0965857
0.060432
0.00416825
0.0109736
0.0317402
0.060676
0.00627703
0.0595662
0.031162
0.073479
0.0596975
0.0164599
0.0577318
0.0128572
0.0149412
0.0428709
0.0106459
0.0308242
0.0102076
0.0842901
0.0778029
0.0391121
0.0742655
0.0679068
0.0682094
0.0833474
0.0716833
0.0628338
0.032383
0.0548029
0.0303972
0.0810662
0.094825
0.0583332
0.0584166
0.0626445
0.0215082
0.0925481
0.0348402
0.0884593
0.0420855
0.0395925
0.0784865
0.044674
0.0581673
0.0592121
0.0725033
0.0416487
0.0493648
0.0703536
0.0396567
0.0634655
0.0437686
0.00456514
0.0194597
0.0402177
0.0639857
0.074919
0.0795687
0.0904001
0.0663349
0.0582894
0.0203221
0.0475552
0.101426
0.0377222
0.0273691
0.0521412
0.0809718
0.0343843
0.0768918
0.0400292
0.0307564
0.0107001
0.0330225
0.00400423
0.00677721
0.0717133
0.0248976
0.0394199
0.0157008
0.0244206
0.0366808
0.0547551
0.0482603
0.0142632
0.0265663
0.0507111
0.0261809
0.0611514
0.074955
0.0618963
0.0619397
0.0480936
0.0725079
0.0515009
0.0442021
0.0804171
0.0190241
0.0632791
0.0537795
0.0876384
0.0374848
0.0475312
0.0196894
0.0749278
0.0213998
0.0570518
0.0148489
0.0874434
0.0367986
0.0315039
0.0604563
0.0198033
0.0847952
0.0601666
0.0415781
0.0748356
0.0255935
0.0314605
0.0626808
0.0477476
0.0259975
0.0780358
0.0468483
0.00666206
0.0816715
0.0711905
0.0909798
0.0424771
0.03923
0.0118949
0.0625017
0.00577946
0.0406549
0.00949591
0.0716054
0.0384369
0.0708377
0.0862728
0.069827
0.0631998
0.0316287
0.0174628
0.0732245
0.0322757
0.0778305
0.0369933
0.0951871
0.0387954
0.0597448
0.0239655
0.0330233
0.020978
0.0550921
0.0166594
0.0201172
0.0128788
0.0419007
0.0729312
0.00707124
0.0378048
0.0218912
0.0299556
0.0198359
0.0402955
0.012774
0.0669207
0.0276824
0.0268358
0.0287209
0.0828897
0.0392288
0.0348852
0.0237679
0.0790058
0.0246145
0.0158013
0.0568506
0.02746
0.0676349
0.033332
0.0208262
0.0612041
0.0793666
0.0315466
0.0398199
0.0915903
0.0238426
0.0377006
0.0614269
0.0312732
0.0275914
0.0307218
0.0159606
0.0215832
0.0599009
0.0641332
0.0103707
0.0725084
0.0127725
0.0136213
0.0508955
0.0210892
0.0279052
0.0627877
0.046488
0.0478915
0.0510381
0.0124355
0.0886209
0.00860101
0.0470501
0.00800277
0.0181293
0.0282154
0.0731316
0.0258756
0.0144466
0.044702
0.0685994
0.0133762
0.00840561
0.0346826
0.0335513
0.0739012
0.0705542
0.0828488
0.0670431
0.0515669
0.0148117
0.0238623
0.0122076
0.0621344
0.0102972
0.0500508
0.026087
0.0467328
0.0199637
0.0220884
0.0530701
0.0795669
0.0875749
0.0423673
0.0467611
0.0103023
0.0257064
0.0588535
0.039755
0.0110073
0.0594324
0.0501972
0.0123223
0.0636364
0.0855114
0.00885026
0.0399659
0.0606489
0.0975767
0.0205164
0.0373115
0.0174008
0.0274192
0.00983269
0.043433
0.0389865
0.0809334
0.0242053
0.0275314
0.0593024
0.0460294
0.0264824
0.0751969
0.0528077
0.0457689
0.0495222
0.0218305
0.0689553
0.073058
0.0830859
0.10482
0.0805141
0.0426675
0.0251822
0.0135991
0.0184805
0.0388779
0.0359624
0.0224102
0.0424367
0.016957
0.0269481
0.0551181
0.0505159
0.0666448
0.0822383
0.051706
0.0157309
0.0434877
0.0309505
0.00652119
0.0108852
0.0230548
0.048047
0.0803368
0.016507
0.0634615
0.0201127
0.0800989
0.0304547
0.0403156
0.0837502
0.0911747
0.0675201
0.0144271
0.0570495
0.0444148
0.0204955
0.0195221
0.0334085
0.0326399
0.027894
0.0417899
0.0372543
0.0624177
0.0795678
0.0514844
0.0168433
0.0326574
0.0880953
