0.0529078
0.0529078
0.0676274
0.0203211
0.0342078
0.0303522
0.0191808
0.0200089
0.0724143
0.0257908
0.0408195
0.013259
0.0177034
0.0448584
0.0703818
0.0408078
0.0468965
0.0505121
0.0177034
0.0319382
0.0374459
0.0152625
0.0281129
0.0216662
0.0282998
0.028514
0.0894144
0.0245394
0.0542289
0.020197
0.0191747
0.0709782
0.0600473
0.0171432
0.0174062
0.0133236
0.0112239
0.0539732
0.00299318
0.0253793
0.0740168
0.0720172
0.0859266
0.0851237
0.0700961
0.014706
0.0735602
0.0353562
0.020441
0.0571548
0.0448345
0.0742549
0.0138372
0.102662
0.0551463
0.0860587
0.0186517
0.0303149
0.060376
0.0115851
0.0239418
0.0233603
0.0270527
0.0557632
0.0586591
0.0184529
0.064915
0.0345918
0.0333282
0.0377914
0.0424181
0.0150781
0.0351471
0.0307284
0.0444201
0.0549066
0.00916694
0.0725157
0.0501317
0.0604952
0.00728942
0.0442533
2.96625
2.81039
0.0434657
0.0531672
0.0138396
0.0138063
0.0423483
0.0337264
0.0174605
0.00641839
0.00628074
0.032075
0.0644058
0.0286007
0.037013
0.02665
0.0794087
0.053142
0.0755855
0.0295747
0.0217177
0.073399
0.0857874
0.0341991
0.0351067
0.0696572
0.0459337
0.0160526
0.0197651
0.0829297
0.0534765
0.0698966
0.0889652
0.0722249
0.043931
0.0715289
0.05891
0.055343
0.0430277
0.071941
0.0265177
0.0459611
0.0254149
0.0951212
0.0766328
0.00495559
0.0950117
0.0220185
0.0195837
0.0370677
0.0497981
0.0687525
0.0513993
0.00888843
0.0232405
0.0366805
0.0152135
0.0109094
0.00690208
0.0180361
0.0195361
0.0514631
0.0034533
0.045021
0.019476
0.0125976
0.0589762
0.0524188
0.0504258
0.054167
0.0220659
0.0562514
0.0505243
0.0484435
0.0743704
0.0790415
0.0767192
0.0129447
0.0709125
0.0255036
0.074184
0.0677551
0.0780479
0.0313216
0.0993916
0.0307017
0.0405732
0.0573253
0.0534229
0.0285416
0.0852149
0.00508019
0.0249467
0.0127774
0.0431324
0.052785
0.0396828
0.0205219
0.00859482
0.0879261
0.00828577
0.0117745
0.1027
0.0366657
0.0523799
0.0491215
0.0464256
0.0395949
0.0651133
0.0540346
0.0609453
0.058223
0.0535971
0.031628
0.00358727
0.0100098
0.0503167
0.0485802
0.075606
0.0236733
0.0155825
0.0738871
0.024538
0.0268587
0.0571027
0.0101693
0.0915395
0.0332479
0.0503755
0.0282291
0.0345329
0.0174338
0.042061
0.0390933
0.0704285
0.0789137
0.0267939
0.06057
0.0692973
0.0146255
0.0439724
0.0730754
0.076448
0.0391627
0.0209824
0.0536318
0.0093043
0.0957538
0.060207
0.0584378
0.0388108
0.0332988
0.0236026
0.0412079
0.00925657
0.00636797
0.0216964
0.0432586
0.0431657
0.0665197
0.00655618
0.0561123
0.0198248
0.0511506
0.0211838
0.0695807
0.0952238
0.0610315
0.029497
0.0349817
0.0191808
0.0200089
0.0724143
0.0257908
0.0408195
0.013259
0.0177034
0.0448584
0.0703818
0.0408078
0.0468965
0.0505121
0.0177034
0.0319382
0.0374459
0.0152625
0.0281129
0.0216662
0.0282998
0.028514
0.0894144
0.0245394
0.0542289
0.020197
0.0191747
0.0709782
0.0600473
0.0171432
0.0174062
0.0133236
0.0112239
0.0539732
0.00299318
0.0253793
0.0740168
0.0720172
0.0859266
0.0851237
0.0700961
0.014706
0.0735602
0.0353562
0.020441
0.0571548
0.0448345
0.0742549
0.0138372
0.102662
0.0551463
0.0860587
0.0186517
0.0303149
0.060376
0.0115851
0.0239418
0.0233603
0.0270527
0.0557632
0.0586591
0.0184529
0.064915
0.0345918
0.0333282
0.0377914
0.0424181
0.0150781
0.0351471
0.0307284
0.0444201
0.0549066
0.00916694
0.0725157
0.0501317
0.0604952
0.00728942
0.0442533
2.96625
2.81039
0.0434657
0.0531672
0.0138396
0.0138063
0.0423483
0.0337264
0.0174605
0.00641839
0.00628074
0.032075
0.0644058
0.0286007
0.037013
0.02665
0.0794087
0.053142
0.0755855
0.0295747
0.0217177
0.073399
0.0857874
0.0341991
0.0351067
0.0696572
0.0459337
0.0160526
0.0197651
0.0829297
0.0534765
0.0698966
0.0889652
0.0722249
0.043931
0.0715289
0.05891
0.055343
0.0430277
0.071941
0.0265177
0.0459611
0.0254149
0.0951212
0.0766328
0.00495559
0.0950117
0.0220185
0.0195837
0.0370677
0.0497981
0.0687525
0.0513993
0.00888843
0.0232405
0.0366805
0.0152135
0.0109094
0.00690208
0.0180361
0.0195361
0.0514631
0.0034533
0.045021
0.019476
0.0125976
0.0589762
0.0524188
0.0504258
0.054167
0.0220659
0.0562514
0.0505243
0.0484435
0.0743704
0.0790415
0.0767192
0.0129447
0.0709125
0.0255036
0.074184
0.0677551
0.0780479
0.0313216
0.0993916
0.0307017
0.0405732
0.0573253
0.0534229
0.0285416
0.0852149
0.00508019
0.0249467
0.0127774
0.0431324
0.052785
0.0396828
0.0205219
0.00859482
0.0879261
0.00828577
0.0117745
0.1027
0.0366657
0.0523799
0.0491215
0.0464256
0.0395949
0.0651133
0.0540346
0.0609453
0.058223
0.0535971
0.031628
0.00358727
0.0100098
0.0503167
0.0485802
0.075606
0.0236733
0.0155825
0.0738871
0.024538
0.0268587
0.0571027
0.0101693
0.0915395
0.0332479
0.0503755
0.0282291
0.0345329
0.0174338
0.042061
0.0390933
0.0704285
0.0789137
0.0267939
0.06057
0.0692973
0.0146255
0.0439724
0.0730754
0.076448
0.0391627
0.0209824
0.0536318
0.0093043
0.0957538
0.060207
0.0584378
0.0388108
0.0332988
0.0236026
0.0412079
0.00925657
0.00636797
0.0216964
0.0432586
0.0431657
0.0665197
0.00655618
0.0561123
0.0198248
0.0511506
0.0211838
0.0695807
0.0952238
0.0610315
0.029497
0.0349817
0.0818086
0.0701125
0.0340499
0.00919606
0.0625595
0.0469394
0.0264695
0.0198496
0.00527648
0.0294281
0.0169977
0.0128385
0.0132001
0.0110929
0.0632388
0.0833489
0.0652353
0.0194914
0.0616154
0.00646167
0.0705785
0.0653264
0.0257979
0.0552367
0.0128084
0.0304366
0.0651221
0.0253688
0.0286451
0.0432813
0.0336169
0.0376912
0.0308996
0.0367662
0.0526953
0.00403041
0.0143247
0.0183852
0.0792229
0.0374889
0.0299738
0.0432791
0.0578054
0.0645218
0.0287422
0.00884685
0.0231059
0.0511743
0.0395124
0.0309942
0.00687976
0.00282192
0.0153852
0.0742057
0.0115137
0.0203466
0.0737462
0.061099
0.0794215
0.0477586
0.0257533
0.0499829
0.0352299
0.0702764
0.106738
0.00376966
0.0345138
0.0860413
0.0973171
0.0203009
0.0080376
0.0200302
0.00342088
0.0202658
0.0269184
0.0644383
0.0342478
0.0108607
0.0526924
0.0902234
0.0394901
0.0232133
0.0439902
0.0706138
0.0492407
0.0374302
0.012632
0.0411142
0.0605155
0.0993533
0.0497586
0.0834155
0.0323868
0.0914396
0.0523185
0.00774136
0.0142329
0.079063
0.00552584
0.0124947
0.0572701
0.0584571
0.02175
0.0789677
0.0315883
0.105157
0.0691487
0.0609265
0.0534583
0.0402989
0.0729513
0.0423033
0.0555987
0.0198661
0.0268223
0.0605197
0.0433463
0.0522859
0.0212226
0.0601388
0.0598125
0.0918542
0.0676472
0.0591255
0.0346997
0.0542998
0.0193641
0.0069805
0.0124268
0.0643647
0.0326431
0.00784204
0.0499097
0.0447805
0.0554869
0.00342472
0.0638297
0.0496345
0.04932
0.0245576
0.00919043
0.0148946
0.00297168
0.0822098
0.0424455
0.0689472
0.0398543
0.0304953
0.00481647
0.0488772
0.0241052
0.0114148
0.064481
0.0263991
0.0797134
0.0212192
0.0216906
0.0349728
0.0730144
0.0356962
0.056919
0.0517149
0.0164889
0.0495867
0.0899967
0.0333084
0.0572899
0.0200663
0.0621354
0.0442442
0.0747722
0.0631233
0.0418562
0.0206268
0.0137804
0.0265939
0.0168363
0.0204677
0.0536719
0.0175505
0.0159462
0.0192134
0.0592179
0.0547612
0.0310951
0.0531377
0.0631169
0.0535126
0.0285678
0.0418018
0.0198872
0.043566
0.092305
0.0406925
0.0554565
0.0587623
0.0234579
0.0335732
0.0223485
0.0868859
0.0207825
0.0107372
0.0550821
0.0525847
0.0964516
0.0035905
0.0595159
0.0356845
0.0336264
0.0150786
0.0765332
0.0314746
0.052694
0.0732274
0.0784488
0.0329307
0.053173
0.0124785
0.0690261
0.0144803
0.0370025
0.0518355
0.0792528
