0.0423162
0.0475264
0.0915613
0.0371689
0.0471647
0.0423162
0.0475264
0.0915613
0.0371689
0.0471647
0.0823989
0.0690057
0.0655734
0.0407361
0.0617539
0.045296
0.0345623
0.0673214
0.069675
0.0498472
0.00911143
0.0943108
0.048928
0.0308287
0.0938197
0.0881739
0.0664673
0.0279456
0.026978
0.0430296
0.0689923
0.0215982
0.0240655
0.0324337
0.0736224
0.0361605
0.0853989
0.0923748
0.0382696
0.0517797
0.0220685
0.0970155
0.0924969
0.0698168
0.0322394
0.063614
0.0563365
0.0591113
0.0651591
0.018109
0.0537576
0.0585817
0.0925552
0.0467114
0.0197909
0.0220989
0.0218559
0.067619
0.0461345
0.0222652
0.0706368
0.0366233
0.0544082
0.0278895
0.0210439
0.0550804
0.0367865
0.0864741
0.0362602
0.0537937
0.0537333
0.0931266
0.036107
0.0326718
0.0584984
0.0425695
0.0520935
0.0222983
0.0698231
0.0689634
0.0531715
0.0453736
0.0276278
0.05822
0.0368904
0.0361648
0.0431358
0.0829144
0.0251325
0.00878414
0.0751221
0.00845872
0.067236
0.0449748
0.040813
0.103035
0.0611057
0.0285619
0.0550593
0.0345203
0.0478577
0.0524736
0.0532412
0.00864393
0.00789197
0.00877391
0.0252171
0.0565444
0.0318703
0.0485245
0.019721
0.04098
0.0709351
0.0362946
0.0835954
0.0223171
0.0157836
0.0449577
0.0571102
0.0542656
0.0578116
0.0779371
0.0534966
0.0367865
0.0732949
0.093751
0.0876471
0.0156032
0.0222871
0.0377195
0.054786
0.00636919
0.07758
0.0424388
0.0415936
0.0436013
0.0672628
0.0326445
0.027224
0.01629
0.0392891
0.079474
0.0669474
0.0331716
0.0284854
0.0831845
0.0366346
0.019568
0.0482756
0.0746639
0.0441711
0.0557658
0.0131868
0.0777507
0.0114088
0.00290915
0.0465218
0.0384179
0.0231387
0.0676767
0.0432287
0.0194056
0.0342854
0.00871005
0.0428126
0.00342943
0.0454482
0.0481919
0.0744301
0.0712413
0.0759417
0.0179767
0.0390514
0.0163344
0.0158403
0.042419
0.0278219
0.0227576
0.0628634
0.0413382
0.0667949
0.0608154
0.0118433
0.0037279
0.0414254
0.0358345
0.08946
0.0439174
0.0822636
0.0238083
0.00613633
0.0159933
0.0562952
0.00591121
0.00208201
0.0128153
0.070883
0.0205585
0.0776249
0.0732792
0.03988
0.0296491
0.00802392
0.085863
0.100869
0.0327096
0.0176655
0.0087807
0.0323711
0.0194903
0.0322935
0.0249527
0.0722451
0.0440697
0.00725773
0.056586
0.0416864
0.0374404
0.00268454
0.0955506
0.0793542
0.038843
0.0394956
0.031704
0.0196961
0.0239076
0.03992
0.0315633
0.0200204
0.0320508
0.0547539
0.0242086
0.012752
0.0708452
0.0372586
0.0735522
0.0516797
0.105648
0.0676809
0.0145705
0.0350596
0.017868
0.0423817
0.0571056
0.0698955
0.0388594
0.00278871
0.0406901
0.0317334
0.052734
0.065011
0.0340682
0.0174055
0.0814562
0.0676969
0.0322982
0.0760543
0.0655734
0.0407361
0.0617539
0.045296
0.0345623
0.0673214
0.069675
0.0498472
0.00911143
0.0943108
0.048928
0.0308287
0.0938197
0.0881739
0.0664673
0.0279456
0.026978
0.0430296
0.0689923
0.0215982
0.0240655
0.0324337
0.0736224
0.0361605
0.0853989
0.0923748
0.0382696
0.0517797
0.0220685
0.0970155
0.0924969
0.0698168
0.0322394
0.063614
0.0563365
0.0591113
0.0651591
0.018109
0.0537576
0.0585817
0.0925552
0.0467114
0.0197909
0.0220989
0.0218559
0.067619
0.0461345
0.0222652
0.0706368
0.0366233
0.0544082
0.0278895
0.0210439
0.0550804
0.0367865
0.0864741
0.0362602
0.0537937
0.0537333
0.0931266
0.036107
0.0326718
0.0584984
0.0425695
0.0520935
0.0222983
0.0698231
0.0689634
0.0531715
0.0453736
0.0276278
0.05822
0.0368904
0.0361648
0.0431358
0.0829144
0.0251325
0.00878414
0.0751221
0.00845872
0.067236
0.0449748
0.040813
0.103035
0.0611057
0.0285619
0.0550593
0.0345203
0.0478577
0.0524736
0.0532412
0.00864393
0.00789197
0.00877391
0.0252171
0.0565444
0.0318703
0.0485245
0.019721
0.04098
0.0709351
0.0362946
0.0835954
0.0223171
0.0157836
0.0449577
0.0571102
0.0542656
0.0578116
0.0779371
0.0534966
0.0367865
0.0732949
0.093751
0.0876471
0.0156032
0.0222871
0.0377195
0.054786
0.00636919
0.07758
0.0424388
0.0415936
0.0436013
0.0672628
0.0326445
0.027224
0.01629
0.0392891
0.079474
0.0669474
0.0331716
0.0284854
0.0831845
0.0366346
0.019568
0.0482756
0.0746639
0.0441711
0.0557658
0.0131868
0.0777507
0.0114088
0.00290915
0.0465218
0.0384179
0.0231387
0.0676767
0.0432287
0.0194056
0.0342854
0.00871005
0.0428126
0.00342943
0.0454482
0.0481919
0.0744301
0.0712413
0.0759417
0.0179767
0.0390514
0.0163344
0.0158403
0.042419
0.0278219
0.0227576
0.0628634
0.0413382
0.0667949
0.0608154
0.0118433
0.0037279
0.0414254
0.0358345
0.08946
0.0439174
0.0822636
0.0238083
0.00613633
0.0159933
0.0562952
0.00591121
0.00208201
0.0128153
0.070883
0.0205585
0.0776249
0.0732792
0.03988
0.0296491
0.00802392
0.085863
0.100869
0.0327096
0.0176655
0.0087807
0.0323711
0.0194903
0.0322935
0.0249527
0.0722451
0.0440697
0.00725773
0.056586
0.0416864
0.0374404
0.00268454
0.0955506
0.0793542
0.038843
0.0394956
0.031704
0.0196961
0.0239076
0.03992
0.0315633
0.0200204
0.0320508
0.0547539
0.0242086
0.012752
0.0708452
0.0372586
0.0735522
0.0516797
0.105648
0.0676809
0.0145705
0.0350596
0.017868
0.0423817
0.0571056
0.0698955
0.0388594
0.00278871
0.0406901
0.0317334
0.052734
0.065011
0.0340682
0.0174055
0.0814562
0.0676969
0.0322982
0.0760543
0.0529312
0.0738721
0.0823182
0.0251307
0.0404005
0.0165262
0.0112554
0.0879933
0.0549158
0.010436
0.0447371
0.037467
0.0351961
0.0622654
0.0301859
0.0606407
0.0437253
0.027519
0.0263394
0.0252492
0.0353736
0.0443072
0.00823844
0.0399785
0.0400618
0.0177164
0.0179651
0.00770183
0.0598132
0.0870824
0.0848907
0.00959075
0.0108664
0.0849279
0.0687407
0.0547398
0.026411
0.080549
0.0679197
0.061819
0.0258145
0.0935057
0.0585074
0.0706039
0.0137619
0.0182902
0.0356971
0.0644441
0.046734
0.0877308
0.047984
0.0348333
0.0101272
0.061694
0.0942875
0.0792444
0.0179413
0.00825955
0.00301554
0.00628087
0.0147415
0.0641201
0.0087151
0.0858327
0.0205598
0.0333692
0.0545705
0.0329949
0.027651
0.0877363
0.0445416
0.0148375
0.041839
0.0708437
0.0424729
0.0801422
0.00635427
0.0364896
0.0210405
0.0165196
0.0669949
0.011061
0.0293231
0.0347693
0.0241882
0.0433356
0.0130444
0.0517482
0.00957772
0.0104561
0.0457803
0.0390186
0.0454029
0.0639679
0.0969067
0.0783768
0.0186151
0.0915249
0.0337561
0.083889
0.0166515
0.00451974
0.0666204
0.0279848
0.064164
0.0890188
0.0433817
0.0327936
0.00939512
0.0595955
0.0567996
0.0449092
0.00424108
0.0660709
0.0458068
0.0456938
0.0362238
0.0183108
0.0691873
0.0270744
0.0656122
0.0244903
0.023289
0.0842704
0.0146544
0.0493734
0.0724903
0.0213859
0.0485682
0.0600222
0.0135453
0.0696375
0.0085345
0.0126716
0.0225296
0.0543366
0.0505407
0.0126269
0.0662458
0.0589162
0.0520712
0.0197764
0.0101875
0.015167
0.0171037
0.0811635
0.0236355
0.0386882
0.0209267
0.098987
0.0650725
0.0430885
0.0404015
0.0387558
0.0696644
0.0614698
0.0145129
0.046972
0.0284595
0.0585753
0.0358687
0.0351692
0.0641746
0.0565234
0.0150688
0.0409933
0.062974
0.0759013
0.051591
0.0137376
0.023523
0.0435329
0.0219836
0.0334472
0.0304418
0.0590443
0.016004
0.0519405
0.0535278
0.0146609
0.0228313
0.0836312
0.06099
0.0563397
0.0690246
0.0845767
0.0475503
0.0809083
0.0672955
0.0206529
0.054076
0.0409261
0.00833226
0.0840657
0.0144559
0.0528828
0.0258006
0.0424051
0.0213145
0.0585247
0.0338732
0.0337021
0.00783293
0.077513
0.0643178
0.0579587
0.0351982
0.0202077
0.0506261
0.070231
0.0246408
0.0591301
0.0562731
0.054127
0.0576697
0.0179512
0.0897131
0.0378371
0.0337101
0.00261943
0.0293206
0.0404622
