0.0601173
0.0303552
0.0184874
0.0601173
0.0303552
0.0184874
0.0422053
0.0463345
0.0789445
0.0861002
0.0465756
0.0287383
0.0152467
0.076505
0.0365528
0.072736
0.023383
0.0970655
0.0171071
0.061408
0.0460589
0.0501569
0.0625098
0.0497379
0.00749222
0.0642046
0.0496721
0.100292
0.0349182
0.0229006
0.00719643
0.0154592
0.00389759
0.00967807
0.0592358
0.042041
0.0533684
0.0730758
0.00638227
0.0232471
0.0260867
0.0809085
0.0658012
0.0205394
0.106458
0.0404831
0.047022
0.0329839
0.00505361
0.0636562
0.0273974
0.0543142
0.0204785
0.0187748
0.0562128
0.0589194
0.0124833
0.0700667
0.0770013
0.0697711
0.0861711
0.0104634
0.0130521
0.0913143
0.01724
0.0468744
0.046433
0.0530587
0.0445891
0.0670699
0.0249585
0.0093692
0.0553381
0.0444888
0.018453
0.0518607
0.0211284
0.0296026
0.0444413
0.0348963
0.0931887
0.051475
0.0314508
0.0668138
0.0512197
0.059487
0.0592067
0.0505153
0.0155507
0.0556406
0.031507
0.00477801
0.0455172
0.0371443
0.0697845
0.0626824
0.0408869
0.0194147
0.0515852
0.0192139
0.0148943
0.0843846
0.0446312
0.092743
0.0340828
0.0516102
0.0545357
0.0413905
0.0360061
0.0445272
0.0549926
0.0366807
0.0289513
0.0141768
0.070401
0.0222105
0.0439685
0.0165039
0.0336136
0.00254431
0.0386275
0.0161781
0.0615408
0.0355462
0.020315
0.0402853
0.00996481
0.0741965
0.0924601
0.0513258
0.0184001
0.0573213
0.00272465
0.0484844
0.0496011
0.0378102
0.0216998
0.0700485
0.0583147
0.0394447
0.0627363
0.0743809
0.0111538
0.0331125
0.0754895
0.00369815
0.030695
0.0284817
0.05779
0.0403807
0.0432526
0.0570645
0.0814384
0.0438569
0.0316804
0.0619705
0.0475717
0.0823692
0.0269954
0.085917
0.0131192
0.0318303
0.0603125
0.0378549
0.0121524
0.0790836
0.00894034
0.0368527
0.0593702
0.0201747
0.068421
0.0463028
0.0185706
0.0436657
0.02709
0.0917771
0.0498698
0.0190687
0.0799986
0.0242913
0.0334284
0.0452716
0.0461616
0.0381288
0.0262465
0.0338987
0.00185728
0.0957332
0.0589765
0.0956304
0.011989
0.0713984
0.0683324
0.0544424
0.0618588
0.0543163
0.0453839
0.0327944
0.00338229
0.103373
0.0708355
0.0465756
0.0287383
0.0152467
0.076505
0.0365528
0.072736
0.023383
0.0970655
0.0171071
0.061408
0.0460589
0.0501569
0.0625098
0.0497379
0.00749222
0.0642046
0.0496721
0.100292
0.0349182
0.0229006
0.00719643
0.0154592
0.00389759
0.00967807
0.0592358
0.042041
0.0533684
0.0730758
0.00638227
0.0232471
0.0260867
0.0809085
0.0658012
0.0205394
0.106458
0.0404831
0.047022
0.0329839
0.00505361
0.0636562
0.0273974
0.0543142
0.0204785
0.0187748
0.0562128
0.0589194
0.0124833
0.0700667
0.0770013
0.0697711
0.0861711
0.0104634
0.0130521
0.0913143
0.01724
0.0468744
0.046433
0.0530587
0.0445891
0.0670699
0.0249585
0.0093692
0.0553381
0.0444888
0.018453
0.0518607
0.0211284
0.0296026
0.0444413
0.0348963
0.0931887
0.051475
0.0314508
0.0668138
0.0512197
0.059487
0.0592067
0.0505153
0.0155507
0.0556406
0.031507
0.00477801
0.0455172
0.0371443
0.0697845
0.0626824
0.0408869
0.0194147
0.0515852
0.0192139
0.0148943
0.0843846
0.0446312
0.092743
0.0340828
0.0516102
0.0545357
0.0413905
0.0360061
0.0445272
0.0549926
0.0366807
0.0289513
0.0141768
0.070401
0.0222105
0.0439685
0.0165039
0.0336136
0.00254431
0.0386275
0.0161781
0.0615408
0.0355462
0.020315
0.0402853
0.00996481
0.0741965
0.0924601
0.0513258
0.0184001
0.0573213
0.00272465
0.0484844
0.0496011
0.0378102
0.0216998
0.0700485
0.0583147
0.0394447
0.0627363
0.0743809
0.0111538
0.0331125
0.0754895
0.00369815
0.030695
0.0284817
0.05779
0.0403807
0.0432526
0.0570645
0.0814384
0.0438569
0.0316804
0.0619705
0.0475717
0.0823692
0.0269954
0.085917
0.0131192
0.0318303
0.0603125
0.0378549
0.0121524
0.0790836
0.00894034
0.0368527
0.0593702
0.0201747
0.068421
0.0463028
0.0185706
0.0436657
0.02709
0.0917771
0.0498698
0.0190687
0.0799986
0.0242913
0.0334284
0.0452716
0.0461616
0.0381288
0.0262465
0.0338987
0.00185728
0.0957332
0.0589765
0.0956304
0.011989
0.0713984
0.0683324
0.0544424
0.0618588
0.0543163
0.0453839
0.0327944
0.00338229
0.103373
0.0708355
0.0928447
0.075318
0.00693277
0.0204207
0.0197851
0.0421346
0.0410134
0.0662323
0.0554315
0.0418076
0.0873961
0.0432422
0.0335149
0.0271058
0.0317611
0.0530532
0.0818926
0.0140364
0.0285847
0.0723865
0.0180544
0.0717391
0.0227822
0.010911
0.0330942
0.0162324
0.0154342
0.0404206
0.0848414
0.0669702
0.0538219
0.0634292
0.0236977
0.0599059
0.0415741
0.0386572
0.0754105
0.00348438
0.0113702
0.0318254
0.0724549
0.0995574
0.0456393
0.0804783
0.0180163
0.0785122
0.0822597
0.0641513
0.00598019
0.0165527
0.0522962
0.0661763
0.0639915
0.0578264
0.00627123
0.0566293
0.0309428
0.0351012
0.0379089
0.0751237
0.0611266
0.00597477
0.0511784
0.0759246
0.031965
0.0511574
0.0496145
0.0339581
0.0450732
0.0542399
0.0654235
0.0214886
0.0661337
0.058796
0.0238546
0.0650191
0.0315964
0.092435
0.0895101
0.0651021
0.0105047
0.0314935
0.0131204
0.0606465
0.00786914
0.0584091
0.0911355
0.0640576
0.0330169
0.0799854
0.0721662
0.0330263
0.00777254
0.00180195
0.0386435
0.0182228
0.0719227
0.023661
0.0191047
0.0345663
0.0583798
0.0730551
0.0836775
0.0594243
0.0204001
0.0618118
0.0212775
0.0389446
0.0163326
0.0666997
0.0508986
0.0393333
0.0413424
0.0358081
0.0479801
0.00409923
0.0658517
0.0687121
0.0502884
0.00580814
0.046971
0.06997
0.0249202
0.0871802
0.0228713
0.0490391
0.0231166
0.0653183
0.0374585
0.0700227
0.0600093
0.0722032
0.00693342
0.0820032
0.0866232
0.0387413
0.0333818
0.0435092
0.0147618
0.0802689
0.0137338
0.0323918
0.0580902
0.0140338
0.0918478
0.0607835
0.0280333
0.0652852
0.0140642
0.0499351
0.00533923
0.0736919
0.0310382
0.0440003
0.0739991
0.0243282
0.0697965
0.00687394
0.0359833
0.0228453
0.0987955
0.0472564
0.0224147
0.0280429
0.0475165
0.102016
0.02008
0.0628526
0.0622005
0.0375351
0.0844204
0.0264762
0.0190618
0.0135971
0.00287322
0.0319131
0.0722832
0.0837739
0.0132473
0.0281397
0.0133246
0.0697523
0.0313545
0.0155683
0.00452562
0.0605997
0.0195946
0.0275712
0.0491081
0.0260704
0.0513199
0.0130615
0.0586165
0.00814545
0.038402
0.00952055
0.0751436
0.0178025
0.0228715
0.0807327
0.104623
0.0515028
0.042861
0.038342
0.0244379
0.0956176
0.0434233
0.0518016
0.0326505
0.0162393
0.0709858
0.0709716
0.0144879
0.0128028
0.0928529
0.0276212
0.103672
0.0332482
0.0433893
0.0896449
0.032815
0.00507877
0.055635
0.0354665
0.0449562
0.0100528
0.0856934
0.0807687
0.0775167
0.021465
0.0755834
0.0126125
0.082461
0.0323651
0.0263443
0.083413
0.0293746
0.0619329
0.0178086
0.0411795
0.0590585
0.0581921
0.068501
0.0485669
0.0365006
0.097782
0.00788058
0.0491198
0.0348936
0.0500826
0.0203041
0.050161
0.0514304
