0.0178879
0.0819803
0.0178879
0.0819803
0.00986217
0.0325979
0.0798917
0.0708142
0.0122685
0.0809777
0.0252566
0.042444
0.0609265
0.0371805
0.083566
0.0506151
0.0639145
0.0425518
0.0642795
0.017017
0.0616129
0.00406128
0.0811931
0.0665881
0.0513464
0.0433663
0.0156115
0.0319205
0.0602684
0.0465959
0.0501843
0.0537407
0.0596686
0.0393383
0.062132
0.00466963
0.0572604
0.0605438
0.0204751
0.0427076
0.0462649
0.0675301
0.0932118
0.0295472
0.027108
0.0114877
0.0570272
0.0399669
0.00992693
0.0222836
0.0266847
0.0838915
0.0249802
0.0416764
0.0397011
0.0207836
0.025695
0.0495964
0.0181631
0.0485466
0.0759605
0.0775696
0.0605861
0.0858491
0.0179301
0.0520148
0.0458621
0.0333503
0.0478964
0.0884213
0.0798585
0.0777959
0.0325048
0.0671595
0.0388964
0.0850025
0.0414397
0.0210029
0.0269997
0.0454669
0.0129393
0.0687992
0.0939868
0.0488154
0.033989
0.00679505
0.00746407
0.075661
0.0137078
0.0178778
0.0461476
0.0728864
0.0126342
0.0518844
0.0396502
0.0491968
0.0379158
0.0487229
0.0327881
0.0587815
0.0800382
0.0323912
0.0872071
0.0477452
0.0342432
0.00833391
0.0823882
0.0231136
0.0349869
0.0729215
0.0516074
0.0688686
0.0380373
0.0393309
0.0573778
0.0575033
0.0582283
0.0545587
0.0778528
0.0922091
0.0100773
0.074415
0.0808348
0.0696261
0.0578598
0.0590678
0.0316186
0.0229843
0.0554495
0.0293695
0.0254418
0.0018858
0.0733753
0.0815721
0.0160068
0.00159645
0.0283834
0.0626108
0.0327974
0.0511266
0.0525569
0.0265284
0.0388901
0.060041
0.031039
0.0719918
0.0769491
0.0243071
0.00518226
0.0109067
0.0845982
0.0488829
0.072047
0.0530309
0.0792763
0.0514511
0.0353759
0.0430955
0.0444996
0.0613762
0.0626399
0.0795566
0.0118429
0.0690659
0.0505289
0.0369129
0.0461066
0.00103975
0.0687575
0.0292367
0.0280543
0.0661658
0.0319701
0.0768782
0.0468809
0.00149039
0.0407337
0.0893558
0.0437898
0.0284419
0.0207482
0.0151688
0.00267533
0.0314902
0.0289734
0.072835
0.0588977
0.0109092
0.0411193
0.0123908
0.0058304
0.0547726
0.0287975
0.0415726
0.0235933
0.0245163
0.0821913
0.0579066
0.0127964
0.0318597
0.0732972
0.0324275
0.00899799
0.0606245
0.0199455
0.0624058
0.0736028
0.0432512
0.0678234
0.0318479
0.0616944
0.04558
0.0277138
0.0316864
0.0788701
0.0578331
0.00800347
0.0518556
0.0750308
0.0949021
0.00498168
0.0695299
0.0190908
0.0117202
0.0128575
0.0896944
0.0319203
0.0692714
0.0156957
0.033007
0.0524377
0.0807946
0.00291962
0.0310219
0.0776922
0.0262007
0.00691095
0.0712585
0.0830103
0.0245011
0.0450378
0.0648652
0.0300344
0.074613
0.0127118
0.0320808
0.0525692
0.0529218
0.0159129
0.065997
0.0747114
0.0356421
0.0433639
0.071955
0.0145851
0.0122685
0.0809777
0.0252566
0.042444
0.0609265
0.0371805
0.083566
0.0506151
0.0639145
0.0425518
0.0642795
0.017017
0.0616129
0.00406128
0.0811931
0.0665881
0.0513464
0.0433663
0.0156115
0.0319205
0.0602684
0.0465959
0.0501843
0.0537407
0.0596686
0.0393383
0.062132
0.00466963
0.0572604
0.0605438
0.0204751
0.0427076
0.0462649
0.0675301
0.0932118
0.0295472
0.027108
0.0114877
0.0570272
0.0399669
0.00992693
0.0222836
0.0266847
0.0838915
0.0249802
0.0416764
0.0397011
0.0207836
0.025695
0.0495964
0.0181631
0.0485466
0.0759605
0.0775696
0.0605861
0.0858491
0.0179301
0.0520148
0.0458621
0.0333503
0.0478964
0.0884213
0.0798585
0.0777959
0.0325048
0.0671595
0.0388964
0.0850025
0.0414397
0.0210029
0.0269997
0.0454669
0.0129393
0.0687992
0.0939868
0.0488154
0.033989
0.00679505
0.00746407
0.075661
0.0137078
0.0178778
0.0461476
0.0728864
0.0126342
0.0518844
0.0396502
0.0491968
0.0379158
0.0487229
0.0327881
0.0587815
0.0800382
0.0323912
0.0872071
0.0477452
0.0342432
0.00833391
0.0823882
0.0231136
0.0349869
0.0729215
0.0516074
0.0688686
0.0380373
0.0393309
0.0573778
0.0575033
0.0582283
0.0545587
0.0778528
0.0922091
0.0100773
0.074415
0.0808348
0.0696261
0.0578598
0.0590678
0.0316186
0.0229843
0.0554495
0.0293695
0.0254418
0.0018858
0.0733753
0.0815721
0.0160068
0.00159645
0.0283834
0.0626108
0.0327974
0.0511266
0.0525569
0.0265284
0.0388901
0.060041
0.031039
0.0719918
0.0769491
0.0243071
0.00518226
0.0109067
0.0845982
0.0488829
0.072047
0.0530309
0.0792763
0.0514511
0.0353759
0.0430955
0.0444996
0.0613762
0.0626399
0.0795566
0.0118429
0.0690659
0.0505289
0.0369129
0.0461066
0.00103975
0.0687575
0.0292367
0.0280543
0.0661658
0.0319701
0.0768782
0.0468809
0.00149039
0.0407337
0.0893558
0.0437898
0.0284419
0.0207482
0.0151688
0.00267533
0.0314902
0.0289734
0.072835
0.0588977
0.0109092
0.0411193
0.0123908
0.0058304
0.0547726
0.0287975
0.0415726
0.0235933
0.0245163
0.0821913
0.0579066
0.0127964
0.0318597
0.0732972
0.0324275
0.00899799
0.0606245
0.0199455
0.0624058
0.0736028
0.0432512
0.0678234
0.0318479
0.0616944
0.04558
0.0277138
0.0316864
0.0788701
0.0578331
0.00800347
0.0518556
0.0750308
0.0949021
0.00498168
0.0695299
0.0190908
0.0117202
0.0128575
0.0896944
0.0319203
0.0692714
0.0156957
0.033007
0.0524377
0.0807946
0.00291962
0.0310219
0.0776922
0.0262007
0.00691095
0.0712585
0.0830103
0.0245011
0.0450378
0.0648652
0.0300344
0.074613
0.0127118
0.0320808
0.0525692
0.0529218
0.0159129
0.065997
0.0747114
0.0356421
0.0433639
0.071955
0.0145851
0.0910763
0.0164837
0.0515064
0.0476875
0.0632772
0.0664164
0.0551983
0.0415012
0.0746411
0.0350501
0.0465953
0.0567032
0.0451712
0.0330995
0.0111869
0.0100123
0.049345
0.0257763
0.0273049
0.0854648
0.0105348
0.0917876
0.005684
0.0279677
0.101566
0.0782894
0.0522738
0.0209825
0.00448585
0.00311508
0.0595909
0.0619395
0.0328319
0.0967747
0.00427933
0.0479558
0.0551535
0.0189924
0.0573847
0.0471874
0.0682966
0.0817505
0.0849711
0.0834074
0.075498
0.0749219
0.0437048
0.0947609
0.0354692
0.0189138
0.0478589
0.0318086
0.016343
0.0137943
0.0324881
0.00775871
0.0464768
0.0216794
0.013882
0.0171574
0.0243109
0.00892114
0.0104045
0.0288567
0.0598072
0.0138429
0.0177165
0.0389229
0.0612755
0.029513
0.0336248
0.054558
0.0406277
0.0453956
0.0679551
0.076644
0.0311046
0.0623268
0.0376585
0.014259
0.0139347
0.0815948
0.0212428
0.00489169
0.0133606
0.00944741
0.0119949
0.0281469
0.0839481
0.0374941
0.0773128
0.0373993
0.0668201
0.0413905
0.0889827
0.0544709
0.0520602
0.0776029
0.030754
0.0579283
0.0843919
0.00408273
0.0210873
0.0605134
0.0542216
0.050516
0.0544869
0.0557288
0.0694822
0.0384365
0.0290711
0.0691478
0.0409257
0.0579471
0.044981
0.0118356
0.0482091
0.0336053
0.0475137
0.0337648
0.0644537
0.0187068
0.00332153
0.0070692
0.0119764
0.026787
0.0205196
0.0734544
0.0656359
0.0841168
0.0347843
0.0794034
0.0570647
0.0977382
0.0645752
0.0131619
0.087928
0.0507062
0.0155206
0.0496058
0.0386972
0.0168881
0.0487191
0.0490123
0.0254952
0.0715767
0.0629312
0.0046354
0.0433598
0.0891567
0.034662
0.0801043
0.0566885
0.0926082
0.0149933
0.0779864
0.045907
0.00647933
0.0502841
0.0354994
0.0843308
0.0631073
0.0283134
0.018777
0.0130716
0.0431936
0.0703895
0.053057
0.016994
0.0937777
0.0377637
0.0726514
0.0247918
0.0125765
0.0309393
0.0101442
0.0478268
0.0207975
0.0336502
0.0795517
0.0569641
0.0359997
0.0665313
0.0411468
0.0585719
0.0681279
0.0351882
0.0468049
0.088421
0.0370345
0.0684369
0.0153148
0.0221107
0.0516789
0.0330493
0.0270588
0.061981
0.0620861
0.0107831
0.038238
0.0548701
0.0473406
0.0519012
0.0337891
0.0466501
0.0248432
0.0220225
0.0100575
0.0976738
0.0636115
0.04634
0.0552512
0.0629157
0.00320907
0.0659929
0.0758264
0.0371592
0.0763541
0.0100229
0.0122266
0.0485606
