0.0465756
0.0287383
0.0465756
0.0287383
0.00377241
0.0375915
0.0906913
0.0267649
0.0530719
0.00406207
0.0270671
0.0078927
0.0311062
0.0658969
0.0164148
0.015032
0.0479398
0.0728565
0.0837178
0.0509752
0.00871139
0.0732654
0.0126836
0.0692779
0.0770371
0.0864065
0.0276178
0.0200805
0.0757941
0.0608998
0.048835
0.0522973
0.00290737
0.0593745
0.0320441
0.00910986
0.00748603
0.0468246
0.0382422
0.00809693
0.00908288
0.0258085
0.0420778
0.0388475
0.038756
0.0356009
0.0236931
0.106597
0.0353543
0.0473641
0.0224532
0.0346556
0.0914124
0.0547359
0.0912255
0.0936132
0.0128414
0.0877536
0.0480951
0.00982279
0.0299347
0.0600364
0.0535799
0.0705035
0.0713767
0.0130759
0.0739113
0.0424982
0.0248224
0.0377062
0.0677965
0.0191632
0.0146191
0.0913776
0.0724105
0.0205215
0.0431828
0.0136434
0.0637072
0.0528602
0.0756615
0.0843066
0.0220016
0.0237463
0.00486902
0.0286069
0.0452677
0.0508879
0.0597571
0.0648622
0.0244855
0.0392957
0.0759895
0.00747753
0.0103016
0.0620159
0.0156048
0.0880228
0.0126025
0.0702827
0.0345022
0.0120867
0.00875685
0.0912811
0.0400528
0.00962381
0.0276681
0.0380279
0.0436074
0.046283
0.0462965
0.0713568
0.0753751
0.0200572
0.0700575
0.0370755
0.027895
0.0646064
0.0380212
0.0655889
0.0375296
0.0424051
0.0650035
0.0260505
0.0441776
0.0676955
0.0445733
0.0119549
0.0024334
0.0115427
0.0890385
0.0835312
0.0175813
0.0467359
0.0504702
0.090864
0.0302205
0.00269439
0.0868171
0.0664713
0.0185987
0.0552665
0.0195666
0.0057515
0.0481792
0.0610419
0.00946543
0.060314
0.0937344
0.00261071
0.0567209
0.0310442
0.0836369
0.010178
0.0792836
0.0512997
0.0114131
0.0742581
0.0366732
0.0587853
0.0440757
0.051869
0.0389628
0.0658574
0.0560322
0.0769916
0.0035024
0.0552777
0.0296407
0.0679686
0.0441542
0.0277882
0.100751
0.0389078
0.0322596
0.0784758
0.0264385
0.0881201
0.0768246
0.0749906
0.0411983
0.0341342
0.00212196
0.0960935
0.0308332
0.0697822
0.0306962
0.0492683
0.0995276
0.00418773
0.0934055
0.0468934
0.0289546
0.0275915
0.0326052
0.0298193
0.0306022
0.0250583
0.0350093
0.0154348
0.0293145
0.0164222
0.0473602
0.0066219
0.0363165
0.0277973
0.0600444
0.00404246
0.0619289
0.0379437
0.0590776
0.0211094
0.0545533
0.0266825
0.0397758
0.0159298
0.0472527
0.0310208
0.0186919
0.103016
0.0655355
0.01192
0.0559154
0.0288181
0.0705733
0.0646991
0.0437477
0.0357368
0.00354496
0.0169768
0.0484085
0.084721
0.10491
0.0510298
0.0906913
0.0267649
0.0530719
0.00406207
0.0270671
0.0078927
0.0311062
0.0658969
0.0164148
0.015032
0.0479398
0.0728565
0.0837178
0.0509752
0.00871139
0.0732654
0.0126836
0.0692779
0.0770371
0.0864065
0.0276178
0.0200805
0.0757941
0.0608998
0.048835
0.0522973
0.00290737
0.0593745
0.0320441
0.00910986
0.00748603
0.0468246
0.0382422
0.00809693
0.00908288
0.0258085
0.0420778
0.0388475
0.038756
0.0356009
0.0236931
0.106597
0.0353543
0.0473641
0.0224532
0.0346556
0.0914124
0.0547359
0.0912255
0.0936132
0.0128414
0.0877536
0.0480951
0.00982279
0.0299347
0.0600364
0.0535799
0.0705035
0.0713767
0.0130759
0.0739113
0.0424982
0.0248224
0.0377062
0.0677965
0.0191632
0.0146191
0.0913776
0.0724105
0.0205215
0.0431828
0.0136434
0.0637072
0.0528602
0.0756615
0.0843066
0.0220016
0.0237463
0.00486902
0.0286069
0.0452677
0.0508879
0.0597571
0.0648622
0.0244855
0.0392957
0.0759895
0.00747753
0.0103016
0.0620159
0.0156048
0.0880228
0.0126025
0.0702827
0.0345022
0.0120867
0.00875685
0.0912811
0.0400528
0.00962381
0.0276681
0.0380279
0.0436074
0.046283
0.0462965
0.0713568
0.0753751
0.0200572
0.0700575
0.0370755
0.027895
0.0646064
0.0380212
0.0655889
0.0375296
0.0424051
0.0650035
0.0260505
0.0441776
0.0676955
0.0445733
0.0119549
0.0024334
0.0115427
0.0890385
0.0835312
0.0175813
0.0467359
0.0504702
0.090864
0.0302205
0.00269439
0.0868171
0.0664713
0.0185987
0.0552665
0.0195666
0.0057515
0.0481792
0.0610419
0.00946543
0.060314
0.0937344
0.00261071
0.0567209
0.0310442
0.0836369
0.010178
0.0792836
0.0512997
0.0114131
0.0742581
0.0366732
0.0587853
0.0440757
0.051869
0.0389628
0.0658574
0.0560322
0.0769916
0.0035024
0.0552777
0.0296407
0.0679686
0.0441542
0.0277882
0.100751
0.0389078
0.0322596
0.0784758
0.0264385
0.0881201
0.0768246
0.0749906
0.0411983
0.0341342
0.00212196
0.0960935
0.0308332
0.0697822
0.0306962
0.0492683
0.0995276
0.00418773
0.0934055
0.0468934
0.0289546
0.0275915
0.0326052
0.0298193
0.0306022
0.0250583
0.0350093
0.0154348
0.0293145
0.0164222
0.0473602
0.0066219
0.0363165
0.0277973
0.0600444
0.00404246
0.0619289
0.0379437
0.0590776
0.0211094
0.0545533
0.0266825
0.0397758
0.0159298
0.0472527
0.0310208
0.0186919
0.103016
0.0655355
0.01192
0.0559154
0.0288181
0.0705733
0.0646991
0.0437477
0.0357368
0.00354496
0.0169768
0.0484085
0.084721
0.10491
0.0510298
0.0916198
0.0373424
0.025245
0.024496
0.043369
0.0301698
0.0657902
0.0712319
0.0607244
0.0215123
0.0517294
0.0181919
0.0707693
0.0283073
0.0948859
0.0103765
0.070531
0.0579912
0.0206476
0.0273859
0.0267585
0.0930375
0.048461
0.0435564
0.00717502
0.0621593
0.0425309
0.0820746
0.0690653
0.0671855
0.0104766
0.0478429
0.0526642
0.0363245
0.012714
0.0119561
0.0271751
0.038624
0.0233648
0.0308657
0.059949
0.0643345
0.0472185
0.00218711
0.0407426
0.0159964
0.0642725
0.0201517
0.00812293
0.0520019
0.0828097
0.0364324
0.0490752
0.00511039
0.0512686
0.0544727
0.0379204
0.0334237
0.0183605
0.0620105
0.0691568
0.0634174
0.00358032
0.0351053
0.0206856
0.0794497
0.0456173
0.0368019
0.0371553
0.0367729
0.0906855
0.0862014
0.00188632
0.0428291
0.0115928
0.00973015
0.0197443
0.0852554
0.0237657
0.0185056
0.0942118
0.0079303
0.0635143
0.0425474
0.0678268
0.0514675
0.00333329
0.0194253
0.0601135
0.0594292
0.0812682
0.0798461
0.0471689
0.0309432
0.061732
0.0317446
0.0475117
0.0541592
0.0181432
0.0759129
0.0613557
0.0492313
0.0780117
0.0346027
0.0263408
0.0591889
0.069918
0.0308147
0.0348451
0.0564501
0.0290512
0.011149
0.00926146
0.0827794
0.0704764
0.0691494
0.0545563
0.0543582
0.0853206
0.0364468
0.0404367
0.0211406
0.0304335
0.0605381
0.0590796
0.0565172
0.0576625
0.087877
0.0277627
0.0408631
0.0990847
0.0575392
0.0260842
0.0507402
0.0691108
0.0884866
0.0782357
0.0348019
0.0100472
0.0854397
0.0776492
0.0696674
0.0579007
0.0742756
0.0829348
0.0814583
0.0277286
0.0340102
0.0402001
0.026739
0.0987898
0.0244203
0.0493236
0.0118706
0.0400698
0.071176
0.00874185
0.0481731
0.0810485
0.0534807
0.0152054
0.0542922
0.0875427
0.0706756
0.0742143
0.0612153
0.0861287
0.0233404
0.0986885
0.0537771
0.0763414
0.0127847
0.0774156
0.00840276
0.0511937
0.0585997
0.052449
0.047576
0.0931222
0.0338457
0.0798535
0.0112836
0.0289943
0.0451967
0.0230402
0.0214112
0.022519
0.043943
0.0161506
0.0248053
0.0747928
0.010235
0.0258243
0.0502769
0.0492466
0.00827892
0.0410571
0.0257335
0.0463041
0.0143868
0.0491236
0.0536617
0.0558707
0.0872091
0.0276666
0.0327248
0.0186703
0.0368485
0.0671146
0.0811517
0.00246569
0.0692831
0.0844415
0.0850642
0.0622473
0.0645395
0.0125686
0.0570121
0.0362068
0.0269618
0.014297
0.0359542
0.0479904
0.00862495
0.0623632
0.0489126
0.0741506
0.0670484
0.0705474
0.0653634
0.0443082
0.0441046
0.0170028
0.0901369
0.0459779
0.0593902
0.0354517
0.062626
0.00540401
0.039549
0.0177838
0.042473
0.0767828
0.0147489
0.0213765
0.0104704
0.0203694
0.0630046
0.0756897
0.0732623
0.020246
0.0716978
0.04974
