0.00113837
0.0646063
0.0415828
0.0409811
0.064654
0.0205949
0.017647
0.00113837
0.0646063
0.0415828
0.0409811
0.064654
0.0205949
0.017647
0.0617091
0.0228558
0.0964876
0.064241
0.0434787
0.0383703
0.022467
0.0111138
0.090158
0.018291
0.0327301
0.0121973
0.0492584
0.0194584
0.0242439
0.0295031
0.0944619
0.0119741
0.0954722
0.0675207
0.0386112
0.0277706
0.0427985
0.0771568
0.0325274
0.0648678
0.0776083
0.0444446
0.0698342
0.026043
0.0772757
0.0830477
0.0395359
0.0803698
0.0280766
0.0837776
0.00575419
0.0857149
0.0613813
0.0228798
0.0285931
0.0472111
0.0751992
0.00646787
0.0206401
0.0447853
0.0153083
0.0433775
0.0082634
0.0648446
0.0168391
0.044991
0.0325608
0.0588723
0.0457845
0.0723477
0.0665635
0.00677554
0.0637095
0.0423039
0.0738584
0.0623238
0.00173897
0.011969
0.0439744
0.0870377
0.0779972
0.0116046
0.0257649
0.0406012
0.0773516
0.0327396
0.0482554
0.0321642
0.0365315
0.0754354
0.00956054
0.026058
0.0199096
0.0119549
0.00765545
0.0975896
0.0318172
0.0667424
0.0428322
0.00977651
0.0300039
0.0228403
0.0470068
0.0464382
0.0148056
0.0223891
0.0759656
0.0203726
0.0447135
0.061284
0.0444822
0.0386425
0.0797628
0.0148518
0.0344505
0.0348887
0.0676389
0.0429404
0.0453635
0.0823122
0.0174321
0.058514
0.0245343
0.0195209
0.0533752
0.0624651
0.0351353
0.00179955
0.0469066
0.0391898
0.016664
0.0868027
0.012985
0.00221668
0.0453436
0.0262438
0.0202636
0.0676947
0.036694
0.0108891
0.0965777
0.0192678
0.066965
0.0684262
0.0695461
0.0500827
0.0304709
0.00803196
0.0322363
0.00429036
0.0244699
0.047655
0.0732714
0.0212897
0.0455636
0.0865753
0.0170159
0.0393245
0.0762026
0.0744024
0.0974148
0.0714571
0.0458378
0.0575449
0.0331343
0.0715352
0.0871803
0.0719337
0.0724834
0.0845083
0.0122735
0.0554739
0.0294392
0.057774
0.0371312
0.069491
0.0421595
0.0693061
0.0309941
0.0460344
0.0719393
0.0457575
0.050834
0.012198
0.0289059
0.0147408
0.0351714
0.085711
0.0212083
0.0874148
0.0939748
0.0829699
0.0383656
0.0722198
0.00327668
0.0409576
0.0782457
0.0631689
0.0761471
0.0429628
0.0407664
0.0515011
0.00593485
0.0508716
0.0204734
0.0257565
0.049672
0.0660174
0.0775729
0.0396726
0.0141594
0.0872288
0.0395266
0.063906
0.0318478
0.0938482
0.0280503
0.0690882
0.0520286
0.0330968
0.0533688
0.0276654
0.0483846
0.0174617
0.0896147
0.0456129
0.00675913
0.0451875
0.0320207
0.0637244
0.0541032
0.0322052
0.0743881
0.0367116
0.0133436
0.0527669
0.0964876
0.064241
0.0434787
0.0383703
0.022467
0.0111138
0.090158
0.018291
0.0327301
0.0121973
0.0492584
0.0194584
0.0242439
0.0295031
0.0944619
0.0119741
0.0954722
0.0675207
0.0386112
0.0277706
0.0427985
0.0771568
0.0325274
0.0648678
0.0776083
0.0444446
0.0698342
0.026043
0.0772757
0.0830477
0.0395359
0.0803698
0.0280766
0.0837776
0.00575419
0.0857149
0.0613813
0.0228798
0.0285931
0.0472111
0.0751992
0.00646787
0.0206401
0.0447853
0.0153083
0.0433775
0.0082634
0.0648446
0.0168391
0.044991
0.0325608
0.0588723
0.0457845
0.0723477
0.0665635
0.00677554
0.0637095
0.0423039
0.0738584
0.0623238
0.00173897
0.011969
0.0439744
0.0870377
0.0779972
0.0116046
0.0257649
0.0406012
0.0773516
0.0327396
0.0482554
0.0321642
0.0365315
0.0754354
0.00956054
0.026058
0.0199096
0.0119549
0.00765545
0.0975896
0.0318172
0.0667424
0.0428322
0.00977651
0.0300039
0.0228403
0.0470068
0.0464382
0.0148056
0.0223891
0.0759656
0.0203726
0.0447135
0.061284
0.0444822
0.0386425
0.0797628
0.0148518
0.0344505
0.0348887
0.0676389
0.0429404
0.0453635
0.0823122
0.0174321
0.058514
0.0245343
0.0195209
0.0533752
0.0624651
0.0351353
0.00179955
0.0469066
0.0391898
0.016664
0.0868027
0.012985
0.00221668
0.0453436
0.0262438
0.0202636
0.0676947
0.036694
0.0108891
0.0965777
0.0192678
0.066965
0.0684262
0.0695461
0.0500827
0.0304709
0.00803196
0.0322363
0.00429036
0.0244699
0.047655
0.0732714
0.0212897
0.0455636
0.0865753
0.0170159
0.0393245
0.0762026
0.0744024
0.0974148
0.0714571
0.0458378
0.0575449
0.0331343
0.0715352
0.0871803
0.0719337
0.0724834
0.0845083
0.0122735
0.0554739
0.0294392
0.057774
0.0371312
0.069491
0.0421595
0.0693061
0.0309941
0.0460344
0.0719393
0.0457575
0.050834
0.012198
0.0289059
0.0147408
0.0351714
0.085711
0.0212083
0.0874148
0.0939748
0.0829699
0.0383656
0.0722198
0.00327668
0.0409576
0.0782457
0.0631689
0.0761471
0.0429628
0.0407664
0.0515011
0.00593485
0.0508716
0.0204734
0.0257565
0.049672
0.0660174
0.0775729
0.0396726
0.0141594
0.0872288
0.0395266
0.063906
0.0318478
0.0938482
0.0280503
0.0690882
0.0520286
0.0330968
0.0533688
0.0276654
0.0483846
0.0174617
0.0896147
0.0456129
0.00675913
0.0451875
0.0320207
0.0637244
0.0541032
0.0322052
0.0743881
0.0367116
0.0133436
0.0527669
0.0547539
0.0275425
0.00417382
0.0230614
0.03195
0.0942506
0.0141146
0.0295954
0.0803579
0.0640628
0.0659874
0.00200699
0.0548841
0.0634217
0.0239126
0.025847
0.0555158
0.0451457
0.0131402
0.0218437
0.0181609
0.00460101
0.0241477
0.0169406
0.00488469
0.0196436
0.0203445
0.0371564
0.0564638
0.0250576
0.0415379
0.0426371
0.0574492
0.0192067
0.0810147
0.0223773
0.0461139
0.0346364
0.0967554
0.054155
0.0640854
0.0599618
0.0286711
0.0879018
0.0400991
0.00389409
0.0156352
0.069858
0.0159823
0.0207592
0.0183656
0.0239511
0.0145765
0.0709409
0.0943914
0.0294895
0.0396705
0.0533444
0.0759453
0.040228
0.0391705
0.0364609
0.0605641
0.0210055
0.0549098
0.0740498
0.0252837
0.0202949
0.0307571
0.0429525
0.0386777
0.0604427
0.0535199
0.0856323
0.011631
0.0221354
0.0316842
0.00289135
0.020017
0.0748602
0.0387253
0.0607249
0.0141462
0.0280432
0.0632307
0.00477792
0.0338174
0.0779571
0.0944099
0.073555
0.0279846
0.0462629
0.0620365
0.0558287
0.0404128
0.0219958
0.00890796
0.0506608
0.0721734
0.0828606
0.0779862
0.0545592
0.0616123
0.0566712
0.00906101
0.0411475
0.082695
0.0283461
0.0764576
0.0110357
0.0182407
0.0354689
0.0547764
0.0565535
0.0382883
0.0170698
0.078912
0.0834365
0.0254544
0.0916389
0.0467742
0.0615179
0.0471166
0.0470386
0.0829243
0.0202896
0.0103423
0.0586885
0.0422209
0.0867701
0.00563886
0.0906295
0.0299327
0.0801808
0.0371599
0.0425111
0.0396275
0.0695612
0.0905492
0.0437357
0.0148973
0.0990979
0.028436
0.0619012
0.0683581
0.0801841
0.0459256
0.0933822
0.0425554
0.0564022
0.060248
0.0483171
0.0354761
0.0424423
0.0259546
0.00782506
0.0618559
0.0987021
0.0886318
0.0542981
0.0715446
0.0293166
0.0834693
0.0800853
0.0152727
0.00283342
0.0523235
0.0323661
0.0687089
0.0329355
0.0595838
0.0614947
0.0301492
0.043411
0.0535482
0.0439695
0.0163098
0.0297028
0.0886355
0.0671382
0.0512634
0.0720389
0.0562242
0.088722
0.0776553
0.0209547
0.0365523
0.0509715
