0.0144859
0.0575017
0.00572281
0.00166899
0.0100973
0.0446237
0.0561004
0.0467145
0.0102956
0.0283187
0.036567
0.0455556
0.030144
0.0326914
0.00102713
0.0217979
0.0384105
0.035201
0.0656167
0.012229
0.0366544
0.010006
0.0455265
0.0323497
0.0152898
0.0120539
0.0502016
0.0752533
0.0456234
0.0574658
0.0665424
0.0702332
0.0693634
0.0813922
0.0891479
0.0138607
0.0473509
0.0488148
0.0525688
0.0603936
0.0323611
0.0229454
0.0207572
0.0127037
0.0598621
0.032526
0.0425498
0.0681339
0.0151849
0.0286099
0.0122082
0.0357461
0.015071
0.0596572
0.0429565
0.0228653
0.0139634
0.0823692
0.0807979
0.00878123
0.081311
0.0722997
0.0717401
0.0106181
0.0350347
0.062873
0.0778597
0.021584
0.0252352
0.06224
0.0632751
0.0138193
0.015778
0.0759685
0.036856
0.0501341
0.0299277
0.0117037
0.0896314
0.0456851
0.0638724
0.0125834
0.0104665
0.00752146
0.0138915
0.0519419
0.0190129
0.0691715
0.0356837
0.033519
0.0253708
0.0210459
0.0233747
0.0462893
0.0340734
0.0851924
0.0616439
0.0432209
0.0238283
0.0338484
0.00754905
0.0401354
0.0508778
0.0694358
0.0289076
0.0622771
0.0261105
0.0767444
0.0570341
0.0897088
0.0259175
0.0429298
0.0619102
0.0580651
0.090437
0.0596458
0.0502903
0.019506
0.0084521
0.0338562
0.0468237
0.0481938
0.0354682
0.0597148
0.0485487
0.0820805
0.0285171
0.0456554
0.0444698
0.0276555
0.0662966
0.0935064
0.0516611
0.0162503
0.0823037
0.0178106
0.0657533
0.0783125
0.043919
0.0670471
0.0718706
0.0669438
0.0660208
0.0254541
0.0322502
0.00697678
0.0622701
0.0682714
0.0932081
0.0294685
0.051213
0.0314466
0.0112203
0.0444176
0.0620726
0.045453
0.0581477
0.102736
0.0457465
0.00576595
0.0179311
0.0226155
0.0660031
0.0895576
0.0251972
0.0494432
0.0107927
0.0654468
0.0162431
0.0531752
0.0725924
0.0638218
0.0812638
0.00152191
0.0231068
0.0774987
0.0336508
0.09686
0.0349586
0.0437194
0.0635382
0.0350175
0.0776443
0.0519026
0.00365095
0.055742
0.0611545
0.0298494
0.0310545
0.0642942
0.0825047
0.029454
0.0354792
0.0540607
0.0628837
0.0629667
0.0666043
0.0303485
0.00869094
0.0193112
0.00740147
0.0739864
0.0384134
0.0576845
0.0115804
0.0704198
0.0137218
0.00866014
0.0296363
0.0296787
0.0638269
0.0719272
0.0123818
0.0429843
0.0812908
0.0617415
0.103496
0.0450115
0.0289002
0.0432695
0.0221747
0.0427563
0.043787
0.0284654
0.0605308
0.0457963
0.058722
0.0603584
0.0436499
0.0823778
0.0891439
0.0604001
0.0695986
0.020683
0.0477271
0.0258321
0.059912
0.048606
0.0699639
0.0354439
0.0180993
0.0554092
0.00681476
0.046524
0.0802171
0.0121577
0.036945
0.0825482
0.0235188
0.0240086
0.0633216
0.0523661
0.0604811
0.0232315
0.0423243
0.0377852
0.00777274
0.0658188
0.0670328
0.0614927
0.0257379
0.027143
0.0384259
0.0663338
0.0344346
0.0421941
0.0610999
0.0149917
0.00521508
0.0471562
0.0546596
0.021588
0.0146664
0.0851445
0.0837159
0.06051
0.059608
0.0601921
0.0380479
0.0506858
0.0124124
0.038664
0.0728746
0.0213748
0.0783271
0.0479915
0.0317733
0.0823762
0.0514772
0.0231062
0.0422044
0.0101888
0.0383631
0.042407
0.0651297
0.0702236
0.0750935
0.0236273
0.0143726
0.015054
0.0458617
0.0620943
0.0311151
0.0592985
0.0597039
0.0640056
0.0836046
0.0239655
0.0117286
0.0383358
0.0118556
0.0718139
0.0466932
0.0403708
0.00488012
0.0293979
0.0973787
0.00271992
0.0357398
0.0307471
0.00383625
0.0242066
0.0166955
0.0603071
0.0638126
0.0128317
0.0158919
0.071935
0.0738807
0.0371177
0.0488282
0.0948954
0.0129644
0.0391384
0.0807479
0.0257427
0.0238777
0.0296989
0.0455265
0.0502903
0.0084521
0.0178106
0.0681339
0.0286099
0.0233747
0.0340734
0.0546596
0.021588
0.0718139
0.0638126
0.0128317
0.071935
0.0738807
0.0371177
0.0488282
0.0948954
0.0129644
0.0391384
0.0807479
0.0144859
0.0151849
0.0122082
0.0357461
0.0106181
0.0596458
0.0776443
0.0519026
0.00365095
0.0427563
0.0284654
0.0570341
0.0259175
0.0619102
0.090437
0.0251972
0.0494432
0.0107927
0.0575017
0.0446237
0.0561004
0.0778597
0.0657533
0.0783125
0.00152191
0.0354792
0.0628837
0.0812908
0.103496
0.0450115
0.0289002
0.0604001
0.0695986
0.0121577
0.0825482
0.0235188
0.0149917
0.043919
0.0718706
0.0660208
0.0322502
0.0622701
0.0932081
0.0179311
0.0226155
0.0660031
0.0895576
0.055742
0.0611545
0.0298494
0.0257427
0.0350347
0.0238777
0.0296989
0.0138103
0.0835177
0.015071
0.0240086
0.0654468
0.00572281
0.0162431
0.0467145
0.0102956
0.0759685
0.0283187
0.0261105
0.019506
0.0338562
0.0468237
0.0481938
0.0812638
0.0719272
0.0123818
0.0310545
0.0607233
0.0501709
0.0444333
0.0812529
0.0574943
0.0308495
0.0359837
0.0785504
0.0596572
0.0425498
0.0620726
0.0429565
0.0633216
0.010006
0.0523661
0.0604811
0.036567
0.0232315
0.00521508
0.0462893
0.0471562
0.0699639
0.0317733
0.0616439
0.0823762
0.0338484
0.0514772
0.0231062
0.0295419
0.0572922
0.0204602
0.0228653
0.036856
0.0501341
0.0299277
0.0117037
0.0896314
0.021584
0.0455556
0.030144
0.0326914
0.00102713
0.0354439
0.0180993
0.0642942
0.058855
0.0825047
0.0638269
0.0531752
0.0725924
0.0477271
0.0258321
0.059912
0.0164524
0.0323497
0.0139634
0.0823692
0.0851924
0.0252352
0.0851445
0.06224
0.062873
0.0632751
0.0401354
0.0138193
0.0658188
0.06051
0.00166899
0.0100973
0.0807979
0.0142282
0.0152898
0.0120539
0.0502016
0.0432209
0.0238283
0.00878123
0.0728746
0.0101888
0.0217979
0.0694358
0.0384105
0.00809025
0.035201
0.0656167
0.00754905
0.0508778
0.048606
0.0257379
0.0620943
0.0311151
0.0592985
0.0456851
0.0638724
0.0752533
0.0125834
0.0276555
0.0456234
0.0458617
0.0117286
0.0622771
0.0357398
0.0767444
0.0441626
0.0581477
0.012229
0.0350175
0.0601921
0.0444698
0.0662966
0.0935064
0.0516611
0.0162503
0.0104665
0.00752146
0.081311
0.0722997
0.0717401
0.0436499
0.0423243
0.0837159
0.015778
0.0354682
0.0485487
0.0670471
0.0669438
0.0254541
0.00697678
0.0682714
0.015784
0.0823037
0.0520423
0.0138915
0.0437864
0.0554092
0.00681476
0.046524
0.0213748
0.0783271
0.0479915
0.0702236
0.0118556
0.0466932
0.00488012
0.0506858
0.0750935
0.0597039
0.0640056
0.0836046
0.0603071
0.0519419
0.0190129
0.0691715
0.0356837
0.0597148
0.0820805
0.0802171
0.0456554
0.0336508
0.0203948
0.0366544
0.10485
0.0679633
0.0591993
0.051213
0.029454
0.0429843
0.0617415
0.0158919
0.0342306
0.014269
0.0670104
0.0788437
0.0773888
0.00975733
0.0358146
0.00583101
0.0379982
0.0593531
0.0186197
0.045654
0.0473221
0.062844
0.0633086
0.0314466
0.00576595
0.0716805
0.0574658
0.0606903
0.036945
0.00825786
0.0897088
0.0761286
0.0221747
0.0362292
0.043787
0.0293979
0.0360898
0.0396666
0.0397704
0.0997494
0.0384134
0.0576845
0.0115804
0.0704198
0.0137218
0.00866014
0.0296363
0.0296787
0.00648468
0.0507332
0.0474817
0.0605308
0.0457963
0.058722
0.0359635
0.00444688
0.0713863
0.0316692
0.0584398
0.0390707
0.0581534
0.0584135
0.0266893
0.0429298
0.0580651
0.0444176
0.017536
0.093374
0.0475297
0.0122069
0.104959
0.0973787
0.0628054
0.00271992
0.0822237
0.0916589
0.0665424
0.0316911
0.059608
0.0306689
0.0289076
0.0294685
0.0112203
0.0315375
0.00850343
0.0753785
0.0413668
0.0244807
0.0272259
0.0325706
0.0512086
0.100308
0.0280041
0.0230783
0.0300971
0.0301893
0.0127645
0.0304555
0.0371794
0.045453
0.0774987
0.09686
0.0349586
0.0437194
0.0739864
0.0266342
0.0046431
0.0657472
0.0709189
0.0901043
0.0226412
0.0864264
0.0263881
0.103548
0.0344532
0.00321453
0.0411623
0.102736
0.0618943
0.00558906
0.05938
0.0603584
0.0384259
0.0638218
0.0663338
0.0432695
0.0231068
0.0478289
0.0550555
0.0291489
0.0412437
0.00902456
0.0736118
0.0532222
0.0236273
0.0703777
0.0563277
0.0663325
0.00354423
0.020683
0.0614927
0.027143
0.0702332
0.0693634
0.0813922
0.0133627
0.0380479
0.0288141
0.0586551
0.00874737
0.070331
0.0143726
0.0403708
0.0307471
0.0748092
0.0660095
0.0344346
0.0633967
0.0357257
0.00564196
0.0492996
0.0371719
0.0745418
0.0498017
0.0100388
0.0611726
0.0834184
0.019398
0.0302029
0.0986957
0.00383625
0.0242066
0.0166955
0.0421941
0.0610999
0.0383631
0.042407
0.0651297
0.0383358
0.0124124
0.0829667
0.0803236
0.0457252
0.023787
0.0421606
0.0612675
0.0534221
0.0413895
0.0260436
0.08386
0.0862974
0.0419447
0.0209905
0.0438557
0.0411719
0.0807312
0.0387301
0.0398588
0.00869094
0.0193112
0.00740147
0.0427705
0.0823778
0.0666525
0.0652489
0.0561705
0.0200614
0.0891479
0.0138607
0.0413707
0.0473509
0.0386419
0.0488148
0.0525688
0.0603936
0.0380871
0.0614917
0.0891439
0.052411
0.0377852
0.0801584
0.00777274
0.0662365
0.0670328
0.0296097
0.067319
0.0534899
0.107507
0.0900167
0.0359347
0.0238768
0.0617819
0.0540607
0.0146664
0.0629667
0.0548103
0.0194692
0.0336142
0.043678
0.0119544
0.0496327
0.0164749
0.0757269
0.0323611
0.0971996
0.0392479
0.00292893
0.0338995
0.0301762
0.0666043
0.0303485
0.0254912
0.0254117
0.079387
0.0299201
0.0475848
0.0776742
0.0230423
0.0229454
0.00506709
0.0207572
0.0486358
0.0103167
0.0623439
0.0293579
0.0865341
0.0107154
0.0450508
0.0135587
0.0947199
0.0285343
0.0306479
0.0525426
0.0431641
0.0295825
0.0718207
0.06217
0.0561085
0.0977199
0.0157488
0.0222545
0.0371779
0.0562253
0.0311763
0.0368028
0.038664
0.0422044
0.015054
0.0239655
0.0560218
0.0712226
0.0169592
0.0158498
0.0641531
0.0371435
0.0194115
0.0149288
0.0269731
0.0596831
0.0205727
0.0405522
0.0603269
0.0611549
0.0538706
0.0380473
0.021132
0.0407839
0.00220534
0.0800178
0.0286512
0.0297772
0.0862902
0.0127037
0.0598621
0.032526
0.0257804
0.0619929
0.0522022
0.00925695
0.0468688
0.00982425
0.0432812
0.0591818
0.0680186
0.018519
0.0433272
0.0424792
0.0837953
0.0764588
0.0320345
0.0185776
0.034738
0.0665067
0.0391802
0.0274022
0.0855858
0.033519
0.0502124
0.00618529
0.039238
0.0751543
0.0854406
0.0185938
0.0634284
0.0188531
0.00860767
0.0657177
0.0611048
0.0253708
0.00407379
0.0210459
0.0852759
0.0485388
0.0729926
0.0472298
0.0506567
0.0414481
0.00408366
0.0387068
0.0517206
0.0665432
0.0597572
0.00400874
0.0563194
0.0469063
0.0549089
0.0479009
0.0285171
0.0235442
0.0457465
0.0663728
0.0364515
0.0689557
0.0476604
0.050584
0.0670111
0.0454943
0.0828434
0.0282946
0.0197614
0.035659
0.0609835
0.0782565
0.0102865
0.0801712
0.0271524
0.0511324
0.0605677
0.0251432
0.0412758
0.0245723
0.0435976
0.0851361
0.0986423
0.0495826
0.0484211
0.0178441
0.0635382
0.0531073
0.0916269
0.0505351
0.0629966
0.0389583
0.0437889
0.0406031
0.00598117
0.0530669
0.02291
0.0249159
0.0241791
0.0135149
0.0375158
0.0925672
0.0902666
0.0270388
0.0176336
0.037273
0.103795
0.0328678
0.0521116
0.0189036
0.0421699
0.0263109
0.025019
0.072084
0.00942447
0.0305874
0.00591292
0.0245225
0.102097
0.0161658
0.0463143
0.0675136
0.0523484
0.0160169
0.0184837
0.0585473
0.0179233
0.0473932
0.00414556
0.076399
0.0297078
0.0657065
0.00495056
0.030532
0.0280347
0.0311427
0.0940289
0.0566442
0.0867405
0.0325897
0.0629524
0.0315377
0.00216129
0.00308015
0.0641985
0.0872436
