2023-07-12T04:43:52    Etacha4 (GUI)      (C) INSP-ASUR JPR  + MSU  03/2017     (file "eUntitled")
*****************************************************************************************
PROJECTILE: atomic number=  20  incident charge=  10  atomic mass=  48
    TARGET: atomic number=   3      atomic mass=   7      density= 0.530 g/cm3
          incident energy=  28.000 MeV/u  velocity=  32.864 (au)
           relative error=1e-05 absolute error=1e-12
  Energy loss: S1=   7.419 MeV/mg/cm2 at E1=  28.000 MeV/u 
          and: S2=   7.451 MeV/mg/cm2 at E2=  27.845 MeV/u 

Reference ('hydrogenic') cross sections in 10E-20 cm2:
  CAPTURE (MEC+REC) TO:   1s = 8.070e-03  2s = 1.306e-03  2p = 1.773e-03
                          3s = 3.606e-04  3p = 4.464e-04  3d = 6.856e-04   (n=4) = 0.000e+00
  IONIZATION OF:          1s = 9.697e-01  2s = 6.443e+00  2p = 7.367e+00
                          3s = 2.884e+01  3p = 3.056e+01  3d = 3.346e+01   (n=4) = 0.000e+00
1s EXCITATION TO:         2s = 9.079e-02  2p = 7.928e-01
                          3s = 1.813e-02  3p = 1.399e-01  3d = 1.159e-02   (n=4) = 0.000e+00
2s EXCITATION TO:         3s = 9.099e-01  3p = 2.979e+00  3d = 3.047e+00   (n=4) = 0.000e+00
2p EXCITATION TO:         3s = 1.258e-01  3p = 1.033e+00  3d = 7.385e+00   (n=4) = 0.000e+00
EXCITATION To n=4 from:   3s = 0.000e+00  3p = 0.000e+00  3d = 0.000e+00
INTRASHELL EXCITATION:    2s to 2p = 1.717e+01      3s to 3p = 4.502e+01
********************************************************************************************************
Tar.thick.     0e-       1e-       2e-       3e-       4e-       5e-       6e-       7e-       8e-       9e-      E_out
 (ug/cm2)    (20e+)    (19e+)    (18e+)    (17e+)    (16e+)    (15e+)    (14e+)    (13e+)    (12e+)    (11e+)     MeV/u
********************************************************************************************************

     5.00   0.00000   0.00000   0.00000   0.00021   0.00484   0.06757   0.61118   3.64302  13.99540  32.17646     28.000 
    10.00   0.00000   0.00001   0.00040   0.00893   0.10540   0.76035   3.58176  11.24831  23.25026  30.09541     27.998 
    15.00   0.00000   0.00008   0.00368   0.05793   0.47818   2.42212   8.05170  17.96814  26.68778  25.34812     27.998 
    20.00   0.00000   0.00046   0.01675   0.20375   1.29895   5.09108  13.12663  22.78976  26.45358  19.79070     27.997 
    25.00   0.00002   0.00178   0.05320   0.52437   2.70358   8.57539  17.91630  25.24743  23.84812  14.58273     27.996 
    30.00   0.00006   0.00523   0.13296   1.09516   4.70664  12.44661  21.69786  25.54213  20.19182  10.36714     27.995 
    35.00   0.00018   0.01267   0.28111   1.97641   7.23105  16.27855  24.17039  24.25561  16.37169   7.19661     27.995 
    40.00   0.00042   0.02659   0.52342   3.19342  10.11206  19.69882  25.31908  22.01013  12.88609   4.92468     27.994 
    45.00   0.00089   0.05010   0.88554   4.74718  13.17383  22.48479  25.32631  19.30520   9.92199   3.33544     27.993 
    50.00   0.00169   0.08670   1.38967   6.61066  16.23763  24.52196  24.44309  16.49654   7.51448   2.24290     27.992 
    55.00   0.00297   0.14021   2.05386   8.73848  19.14977  25.79137  22.92899  13.80756   5.61720   1.49974     27.991 
    60.00   0.00493   0.21452   2.89005  11.06945  21.78462  26.33706  21.01814  11.36600   4.15585   0.99869     27.991 
    65.00   0.00782   0.31497   3.91922  13.56992  24.08060  26.23788  18.87225   9.20318   3.03800   0.66042     27.991 
    70.00   0.01178   0.44183   5.10583  16.08520  25.91270  25.61803  16.71686   7.39668   2.21627   0.43757     27.989 
    75.00   0.01718   0.60205   6.48092  18.62727  27.31455  24.56859  14.58684   5.87515   1.60399   0.28903     27.989 
    80.00   0.02416   0.79383   7.99277  21.06133  28.25476  23.23932  12.61524   4.64618   1.16031   0.19135     27.988 
    85.00   0.03314   1.02407   9.66694  23.40101  28.77920  21.68979  10.78922   3.64283   0.83472   0.12649     27.988 
    90.00   0.04425   1.28976  11.45092  25.55518  28.91583  20.04054   9.16622   2.84605   0.59993   0.08368     27.986 
    95.00   0.05798   1.59697  13.36032  27.53191  28.70722  18.32612   7.72095   2.20910   0.42945   0.05531     27.986 
   100.00   0.07442   1.94162  15.34295  29.27448  28.20689  16.63156   6.47123   1.71021   0.30720   0.03658     27.985 
   105.00   0.09408   2.32881  17.40926  30.79422  27.45324  14.97064   5.38740   1.31732   0.21910   0.02419     27.985 
   110.00   0.11696   2.75281  19.51212  32.06454  26.50551  13.39538   4.46712   1.01239   0.15613   0.01599     27.983 
   115.00   0.14361   3.21836  21.65730  33.09779  25.39464  11.90702   3.68412   0.77495   0.11100   0.01057     27.983 
   120.00   0.17434   3.72487  23.82519  33.89456  24.16109  10.52023   3.02292   0.59076   0.07868   0.00698     27.983 
   125.00   0.20895   4.26401  25.97230  34.45459  22.85764   9.25791   2.47423   0.44978   0.05574   0.00460     27.981 
   130.00   0.24809   4.84077  28.10711  34.79510  21.50011   8.10729   2.01733   0.34156   0.03945   0.00304     27.981 
   135.00   0.29203   5.45359  30.21377  34.92918  20.11688   7.06744   1.63856   0.25860   0.02786   0.00200     27.981 
   140.00   0.34047   6.09441  32.26418  34.87301  18.74203   6.14138   1.32798   0.19551   0.01966   0.00132     27.978 
   145.00   0.39404   6.76671  34.26079  34.64202  17.38418   5.31683   1.07315   0.14753   0.01386   0.00087     27.978 
   150.00   0.45295   7.46848  36.19289  34.25364  16.05910   4.58683   0.86468   0.11107   0.00976   0.00057     27.978 
   160.00   0.58613   8.93128  39.75291  33.09502  13.60055   3.40321   0.56235   0.06340   0.00490   0.00025     27.978 
   170.00   0.73986  10.46203  42.94520  31.54681  11.39827   2.50551   0.36371   0.03604   0.00245   0.00011     27.974 
   180.00   0.91693  12.06314  45.77888  29.70816   9.45007   1.82767   0.23350   0.02038   0.00122   0.00005     27.974 
   190.00   1.11808  13.71753  48.23448  27.68441   7.76211   1.32241   0.14888   0.01146   0.00061   0.00002     27.974 
   200.00   1.34027  15.38478  50.28950  25.58998   6.34005   0.95382   0.09484   0.00645   0.00030   0.00001     27.969 
   220.00   1.84787  18.68916  53.17087  21.52868   4.21971   0.50197   0.03952   0.00214   0.00008   0.00000     27.969 
   240.00   2.44916  21.98049  54.81061  17.72422   2.75827   0.26027   0.01627   0.00070   0.00002   0.00000     27.969 
   260.00   3.12754  25.12491  55.40566  14.40649   1.79319   0.13522   0.00676   0.00023   0.00001   0.00000     27.960 
   280.00   3.88850  28.12550  55.18366  11.57323   1.15627   0.06995   0.00281   0.00008   0.00000   0.00000     27.960 
   300.00   4.72750  30.94579  54.32127   9.22509   0.74293   0.03621   0.00117   0.00003   0.00000   0.00000     27.960 
   320.00   5.62287  33.52243  53.00883   7.34562   0.48072   0.01903   0.00050   0.00001   0.00000   0.00000     27.951 
   340.00   6.58040  35.88715  51.36987   5.83991   0.31234   0.01010   0.00022   0.00000   0.00000   0.00000     27.951 
   360.00   7.59528  38.03913  49.50864   4.64696   0.20445   0.00544   0.00010   0.00000   0.00000   0.00000     27.951 
   380.00   8.66230  39.98175  47.50834   3.70932   0.13527   0.00298   0.00004   0.00000   0.00000   0.00000     27.951 
   400.00   9.77613  41.72149  45.43380   2.97616   0.09073   0.00167   0.00002   0.00000   0.00000   0.00000     27.951 
   420.00  10.90716  43.23894  43.37708   2.41355   0.06229   0.00097   0.00001   0.00000   0.00000   0.00000     27.935 
   440.00  12.07013  44.57672  41.33621   1.97284   0.04352   0.00058   0.00001   0.00000   0.00000   0.00000     27.935 
   460.00  13.26216  45.74659  39.33286   1.62704   0.03099   0.00035   0.00000   0.00000   0.00000   0.00000     27.935 
   480.00  14.47987  46.75984  37.38271   1.35483   0.02252   0.00022   0.00000   0.00000   0.00000   0.00000     27.935 
   500.00  15.71979  47.62730  35.49654   1.13952   0.01670   0.00015   0.00000   0.00000   0.00000   0.00000     27.935 
   550.00  18.87847  49.19905  31.11609   0.79713   0.00920   0.00006   0.00000   0.00000   0.00000   0.00000     27.935 
   600.00  22.04060  50.07313  27.29038   0.59015   0.00571   0.00003   0.00000   0.00000   0.00000   0.00000     27.907 
   650.00  25.22921  50.40479  23.91432   0.44793   0.00373   0.00002   0.00000   0.00000   0.00000   0.00000     27.907 
   700.00  28.41684  50.28760  20.94562   0.34738   0.00254   0.00001   0.00000   0.00000   0.00000   0.00000     27.907 
   750.00  31.57909  49.80461  18.34078   0.27371   0.00179   0.00001   0.00000   0.00000   0.00000   0.00000     27.907 
   800.00  34.66816  49.03256  16.07858   0.21938   0.00131   0.00000   0.00000   0.00000   0.00000   0.00000     27.876 
   850.00  37.69660  48.03084  14.09478   0.17681   0.00097   0.00000   0.00000   0.00000   0.00000   0.00000     27.876 
   900.00  40.65225  46.84776  12.35614   0.14312   0.00072   0.00000   0.00000   0.00000   0.00000   0.00000     27.876 
   950.00  43.52557  45.52495  10.83272   0.11622   0.00054   0.00000   0.00000   0.00000   0.00000   0.00000     27.876 
  1000.00  46.30937  44.09765   9.49798   0.09459   0.00041   0.00000   0.00000   0.00000   0.00000   0.00000     27.876 
********************************************************************************************************
Tar.thick.     0e-       1e-       2e-       3e-       4e-       5e-       6e-       7e-       8e-       9e-      E_out
 (ug/cm2)    (20e+)    (19e+)    (18e+)    (17e+)    (16e+)    (15e+)    (14e+)    (13e+)    (12e+)    (11e+)     MeV/u
********************************************************************************************************

        End time is  04:44:00
    Elapsed time is  00:00:07 (or 7.775 sec)
             Final energy : 27.799 (MeV/u)