2023-07-12T04:43:52    Etacha4 (GUI)      (C) INSP-ASUR JPR  + MSU  03/2017     (file "eUntitled")
*****************************************************************************************
PROJECTILE: atomic number=  20  incident charge=  10  atomic mass=  48
    TARGET: atomic number=   3      atomic mass=   7      density= 0.530 g/cm3
          incident energy=  28.000 MeV/u  velocity=  32.864 (au)
           relative error=1e-05 absolute error=1e-12
  Energy loss: S1=   7.419 MeV/mg/cm2 at E1=  28.000 MeV/u 
          and: S2=   7.451 MeV/mg/cm2 at E2=  27.845 MeV/u 

Reference ('hydrogenic') cross sections in 10E-20 cm2:
  CAPTURE (MEC+REC) TO:   1s = 8.070e-03  2s = 1.306e-03  2p = 1.773e-03
                          3s = 3.606e-04  3p = 4.464e-04  3d = 6.856e-04   (n=4) = 0.000e+00
  IONIZATION OF:          1s = 9.697e-01  2s = 6.443e+00  2p = 7.367e+00
                          3s = 2.884e+01  3p = 3.056e+01  3d = 3.346e+01   (n=4) = 0.000e+00
1s EXCITATION TO:         2s = 9.079e-02  2p = 7.928e-01
                          3s = 1.813e-02  3p = 1.399e-01  3d = 1.159e-02   (n=4) = 0.000e+00
2s EXCITATION TO:         3s = 9.099e-01  3p = 2.979e+00  3d = 3.047e+00   (n=4) = 0.000e+00
2p EXCITATION TO:         3s = 1.258e-01  3p = 1.033e+00  3d = 7.385e+00   (n=4) = 0.000e+00
EXCITATION To n=4 from:   3s = 0.000e+00  3p = 0.000e+00  3d = 0.000e+00
INTRASHELL EXCITATION:    2s to 2p = 1.717e+01      3s to 3p = 4.502e+01
********************************************************************************************************

T (ug/cm2)  y1s       y2s      y2p      ym      yn      Qm      Qm in   Qm out    PTOT
********************************************************************************************************

     0.00  2.0000  2.0000  6.0000   0.0000   0.0000  10.0000
     5.00  1.9904  1.7912  5.2833   0.3449   0.0000  10.5904   0.0000  10.5904 100.0000
    10.00  1.9846  1.6231  4.7218   0.4857   0.0000  11.1849   0.0000  11.1849 100.0000
    15.00  1.9802  1.4949  4.3068   0.4707   0.0000  11.7474   0.0000  11.7474 100.0000
    20.00  1.9764  1.3856  3.9611   0.4195   0.0000  12.2573   0.0000  12.2573 100.0000
    25.00  1.9727  1.2854  3.6516   0.3742   0.0000  12.7161   0.0000  12.7161 100.0000
    30.00  1.9689  1.1938  3.3712   0.3382   0.0000  13.1278   0.0000  13.1278 100.0000
    35.00  1.9650  1.1087  3.1163   0.3096   0.0000  13.5005   0.0000  13.5005 100.0000
    40.00  1.9608  1.0309  2.8844   0.2860   0.0000  13.8379   0.0000  13.8379 100.0000
    45.00  1.9563  0.9591  2.6730   0.2661   0.0000  14.1456   0.0000  14.1456 100.0000
    50.00  1.9516  0.8927  2.4797   0.2488   0.0000  14.4271   0.0000  14.4271 100.0000
    55.00  1.9466  0.8313  2.3025   0.2336   0.0000  14.6860   0.0000  14.6860 100.0000
    60.00  1.9414  0.7746  2.1396   0.2200   0.0000  14.9245   0.0000  14.9245 100.0000
    65.00  1.9355  0.7211  1.9870   0.2087   0.0000  15.1476   0.0000  15.1476 100.0000
    70.00  1.9298  0.6727  1.8509   0.1963   0.0000  15.3503   0.0000  15.3503 100.0000
    75.00  1.9236  0.6269  1.7226   0.1866   0.0000  15.5403   0.0000  15.5403 100.0000
    80.00  1.9174  0.5853  1.6072   0.1761   0.0000  15.7139   0.0000  15.7139 100.0000
    85.00  1.9107  0.5461  1.4985   0.1678   0.0000  15.8770   0.0000  15.8770 100.0000
    90.00  1.9040  0.5103  1.3996   0.1588   0.0000  16.0273   0.0000  16.0273 100.0000
    95.00  1.8969  0.4765  1.3065   0.1515   0.0000  16.1686   0.0000  16.1686 100.0000
   100.00  1.8897  0.4456  1.2215   0.1436   0.0000  16.2995   0.0000  16.2995 100.0000
   105.00  1.8822  0.4165  1.1415   0.1371   0.0000  16.4227   0.0000  16.4227 100.0000
   110.00  1.8747  0.3898  1.0679   0.1302   0.0000  16.5374   0.0000  16.5374 100.0000
   115.00  1.8668  0.3647  0.9988   0.1243   0.0000  16.6454   0.0000  16.6454 100.0000
   120.00  1.8586  0.3412  0.9342   0.1187   0.0000  16.7473   0.0000  16.7473 100.0000
   125.00  1.8505  0.3196  0.8749   0.1127   0.0000  16.8422   0.0000  16.8422 100.0000
   130.00  1.8422  0.2994  0.8190   0.1076   0.0000  16.9318   0.0000  16.9318 100.0000
   135.00  1.8335  0.2804  0.7668   0.1028   0.0000  17.0164   0.0000  17.0164 100.0000
   140.00  1.8250  0.2629  0.7185   0.0978   0.0000  17.0958   0.0000  17.0958 100.0000
   145.00  1.8163  0.2465  0.6731   0.0934   0.0000  17.1707   0.0000  17.1707 100.0000
   150.00  1.8072  0.2311  0.6307   0.0893   0.0000  17.2417   0.0000  17.2417 100.0000
   160.00  1.7886  0.2034  0.5549   0.0830   0.0000  17.3700   0.0000  17.3700 100.0000
   170.00  1.7703  0.1799  0.4901   0.0755   0.0000  17.4843   0.0000  17.4843 100.0000
   180.00  1.7513  0.1590  0.4328   0.0693   0.0000  17.5876   0.0000  17.5876 100.0000
   190.00  1.7318  0.1406  0.3828   0.0636   0.0000  17.6812   0.0000  17.6812 100.0000
   200.00  1.7126  0.1249  0.3394   0.0579   0.0000  17.7652   0.0000  17.7652 100.0000
   220.00  1.6731  0.0990  0.2692   0.0513   0.0000  17.9074   0.0000  17.9074 100.0000
   240.00  1.6327  0.0794  0.2163   0.0438   0.0000  18.0279   0.0000  18.0279 100.0000
   260.00  1.5936  0.0644  0.1754   0.0371   0.0000  18.1295   0.0000  18.1295 100.0000
   280.00  1.5540  0.0525  0.1433   0.0322   0.0000  18.2180   0.0000  18.2180 100.0000
   300.00  1.5144  0.0432  0.1185   0.0281   0.0000  18.2958   0.0000  18.2958 100.0000
   320.00  1.4762  0.0361  0.0992   0.0245   0.0000  18.3640   0.0000  18.3640 100.0000
   340.00  1.4382  0.0304  0.0841   0.0217   0.0000  18.4255   0.0000  18.4255 100.0000
   360.00  1.4006  0.0260  0.0723   0.0195   0.0000  18.4816   0.0000  18.4816 100.0000
   380.00  1.3636  0.0225  0.0631   0.0177   0.0000  18.5332   0.0000  18.5332 100.0000
   400.00  1.3272  0.0197  0.0558   0.0162   0.0000  18.5811   0.0000  18.5811 100.0000
   420.00  1.2928  0.0176  0.0498   0.0147   0.0000  18.6251   0.0000  18.6251 100.0000
   440.00  1.2590  0.0158  0.0450   0.0137   0.0000  18.6666   0.0000  18.6666 100.0000
   460.00  1.2259  0.0144  0.0411   0.0128   0.0000  18.7058   0.0000  18.7058 100.0000
   480.00  1.1936  0.0132  0.0380   0.0121   0.0000  18.7432   0.0000  18.7432 100.0000
   500.00  1.1620  0.0123  0.0354   0.0114   0.0000  18.7789   0.0000  18.7789 100.0000
   550.00  1.0866  0.0106  0.0307   0.0108   0.0000  18.8614   0.0000  18.8614 100.0000
   600.00  1.0181  0.0095  0.0271   0.0097   0.0000  18.9355   0.0000  18.9355 100.0000
   650.00  0.9540  0.0086  0.0244   0.0089   0.0000  19.0041   0.0000  19.0041 100.0000
   700.00  0.8940  0.0078  0.0222   0.0083   0.0000  19.0677   0.0000  19.0677 100.0000
   750.00  0.8379  0.0072  0.0203   0.0078   0.0000  19.1269   0.0000  19.1269 100.0000
   800.00  0.7859  0.0067  0.0187   0.0072   0.0000  19.1815   0.0000  19.1815 100.0000
   850.00  0.7373  0.0062  0.0172   0.0068   0.0000  19.2325   0.0000  19.2325 100.0000
   900.00  0.6919  0.0057  0.0159   0.0064   0.0000  19.2801   0.0000  19.2801 100.0000
   950.00  0.6493  0.0053  0.0147   0.0060   0.0000  19.3246   0.0000  19.3246 100.0000
  1000.00  0.6095  0.0049  0.0136   0.0057   0.0000  19.3662   0.0000  19.3662 100.0000
********************************************************************************************************
T (ug/cm2)  y1s       y2s      y2p      ym      yn      Qm      Qm in   Qm out    PTOT
********************************************************************************************************

        End time is  04:44:00
    Elapsed time is  00:00:07 (or 7.775 sec)
             Final energy : 27.799 (MeV/u)