2023-07-12T04:43:52    Etacha4 (GUI)      (C) INSP-ASUR JPR  + MSU  03/2017     (file "eUntitled")
*****************************************************************************************
PROJECTILE: atomic number=  20  incident charge=  10  atomic mass=  48
    TARGET: atomic number=   3      atomic mass=   7      density= 0.530 g/cm3
          incident energy=  28.000 MeV/u  velocity=  32.864 (au)
           relative error=1e-05 absolute error=1e-12
  Energy loss: S1=   7.419 MeV/mg/cm2 at E1=  28.000 MeV/u 
          and: S2=   7.451 MeV/mg/cm2 at E2=  27.845 MeV/u 

Reference ('hydrogenic') cross sections in 10E-20 cm2:
  CAPTURE (MEC+REC) TO:   1s = 8.070e-03  2s = 1.306e-03  2p = 1.773e-03
                          3s = 3.606e-04  3p = 4.464e-04  3d = 6.856e-04   (n=4) = 0.000e+00
  IONIZATION OF:          1s = 9.697e-01  2s = 6.443e+00  2p = 7.367e+00
                          3s = 2.884e+01  3p = 3.056e+01  3d = 3.346e+01   (n=4) = 0.000e+00
1s EXCITATION TO:         2s = 9.079e-02  2p = 7.928e-01
                          3s = 1.813e-02  3p = 1.399e-01  3d = 1.159e-02   (n=4) = 0.000e+00
2s EXCITATION TO:         3s = 9.099e-01  3p = 2.979e+00  3d = 3.047e+00   (n=4) = 0.000e+00
2p EXCITATION TO:         3s = 1.258e-01  3p = 1.033e+00  3d = 7.385e+00   (n=4) = 0.000e+00
EXCITATION To n=4 from:   3s = 0.000e+00  3p = 0.000e+00  3d = 0.000e+00
INTRASHELL EXCITATION:    2s to 2p = 1.717e+01      3s to 3p = 4.502e+01
********************************************************************************************************

T (ug/cm2)  bare    1s     2s     2p    1s²    1s2s   1s2p  1s²2s  1s²2p   tot
********************************************************************************************************

     5.00   0.00   0.00   0.00   0.00   0.00   0.00   0.00   0.00   0.00   0.00
    10.00   0.00   0.00   0.00   0.00   0.00   0.00   0.00   0.00   0.01   0.01
    15.00   0.00   0.00   0.00   0.00   0.00   0.00   0.00   0.02   0.05   0.08
    20.00   0.00   0.00   0.00   0.00   0.02   0.00   0.01   0.07   0.18   0.27
    25.00   0.00   0.00   0.00   0.00   0.05   0.01   0.02   0.17   0.44   0.69
    30.00   0.00   0.01   0.00   0.00   0.12   0.02   0.05   0.34   0.89   1.43
    35.00   0.00   0.02   0.00   0.00   0.25   0.04   0.09   0.61   1.58   2.58
    40.00   0.00   0.03   0.00   0.00   0.47   0.06   0.16   0.96   2.50   4.19
    45.00   0.00   0.06   0.00   0.00   0.79   0.10   0.25   1.40   3.67   6.28
    50.00   0.00   0.10   0.00   0.01   1.24   0.15   0.38   1.93   5.04   8.85
    55.00   0.00   0.16   0.00   0.01   1.82   0.21   0.53   2.51   6.60  11.86
    60.00   0.01   0.25   0.01   0.02   2.56   0.28   0.71   3.15   8.27  15.25
    65.00   0.01   0.36   0.01   0.02   3.47   0.37   0.92   3.82  10.05  19.04
    70.00   0.01   0.50   0.01   0.03   4.51   0.46   1.15   4.48  11.81  22.97
    75.00   0.02   0.67   0.02   0.04   5.73   0.56   1.41   5.13  13.58  27.15
    80.00   0.03   0.88   0.02   0.05   7.05   0.66   1.67   5.75  15.24  31.34
    85.00   0.04   1.13   0.03   0.06   8.52   0.77   1.95   6.33  16.82  35.65
    90.00   0.05   1.41   0.03   0.07  10.09   0.88   2.22   6.85  18.25  39.86
    95.00   0.07   1.74   0.04   0.09  11.77   0.99   2.51   7.32  19.55  44.07
   100.00   0.09   2.10   0.04   0.10  13.51   1.10   2.78   7.72  20.67  48.11
   105.00   0.11   2.50   0.05   0.12  15.33   1.21   3.06   8.06  21.63  52.07
   110.00   0.13   2.94   0.06   0.14  17.18   1.31   3.32   8.33  22.40  55.82
   115.00   0.16   3.43   0.06   0.15  19.08   1.41   3.57   8.54  23.01  59.42
   120.00   0.20   3.95   0.07   0.17  21.00   1.51   3.81   8.69  23.45  62.85
   125.00   0.23   4.50   0.08   0.19  22.90   1.59   4.03   8.78  23.73  66.02
   130.00   0.28   5.08   0.09   0.21  24.79   1.67   4.23   8.82  23.86  69.03
   135.00   0.32   5.71   0.10   0.23  26.67   1.74   4.42   8.80  23.84  71.83
   140.00   0.38   6.35   0.10   0.25  28.49   1.81   4.58   8.75  23.71  74.42
   145.00   0.43   7.03   0.11   0.27  30.28   1.87   4.73   8.64  23.45  76.82
   150.00   0.50   7.74   0.12   0.28  32.02   1.92   4.86   8.51  23.09  79.04
   160.00   0.64   9.21   0.14   0.33  35.25   2.00   5.09   8.14  22.12  82.90
   170.00   0.80  10.73   0.15   0.36  38.12   2.05   5.23   7.69  20.94  86.07
   180.00   0.98  12.31   0.17   0.40  40.71   2.08   5.31   7.18  19.57  88.72
   190.00   1.19  13.94   0.18   0.44  42.97   2.08   5.35   6.63  18.11  90.89
   200.00   1.42  15.57   0.19   0.47  44.87   2.07   5.33   6.09  16.63  92.65
   220.00   1.95  18.83   0.22   0.53  47.66   2.01   5.22   5.02  13.76  95.21
   240.00   2.56  22.03   0.24   0.60  49.24   1.91   5.04   4.07  11.17  96.85
   260.00   3.25  25.06   0.26   0.64  49.92   1.79   4.75   3.26   8.98  97.92
   280.00   4.02  27.96   0.27   0.69  49.88   1.66   4.45   2.58   7.11  98.62
   300.00   4.86  30.68   0.28   0.73  49.24   1.52   4.15   2.02   5.57  99.07
   320.00   5.76  33.17   0.29   0.76  48.19   1.40   3.84   1.58   4.37  99.37
   340.00   6.73  35.45   0.30   0.78  46.83   1.28   3.55   1.23   3.41  99.56
   360.00   7.75  37.52   0.31   0.81  45.22   1.17   3.30   0.96   2.66  99.69
   380.00   8.82  39.39   0.31   0.84  43.47   1.07   3.06   0.75   2.07  99.77
   400.00   9.94  41.06   0.32   0.86  41.63   0.98   2.85   0.58   1.62  99.83
   420.00  11.07  42.53   0.33   0.87  39.80   0.90   2.64   0.46   1.28  99.87
   440.00  12.24  43.82   0.33   0.88  37.97   0.84   2.45   0.36   1.02  99.90
   460.00  13.43  44.94   0.33   0.89  36.16   0.77   2.29   0.29   0.81  99.92
   480.00  14.66  45.91   0.34   0.90  34.38   0.72   2.14   0.23   0.65  99.93
   500.00  15.90  46.74   0.34   0.91  32.65   0.67   2.01   0.19   0.53  99.95
   550.00  19.08  48.24   0.35   0.94  28.59   0.57   1.74   0.12   0.33  99.96
   600.00  22.26  49.06   0.35   0.93  25.05   0.50   1.50   0.08   0.24  99.97
   650.00  25.46  49.35   0.35   0.93  21.92   0.43   1.31   0.06   0.17  99.98
   700.00  28.65  49.19   0.35   0.93  19.17   0.38   1.14   0.04   0.13  99.98
   750.00  31.83  48.68   0.34   0.92  16.76   0.33   1.00   0.03   0.10  99.98
   800.00  34.92  47.90   0.34   0.90  14.66   0.29   0.87   0.03   0.08  99.99
   850.00  37.95  46.89   0.33   0.88  12.83   0.26   0.77   0.02   0.06  99.99
   900.00  40.91  45.70   0.33   0.86  11.23   0.23   0.67   0.02   0.05  99.99
   950.00  43.79  44.38   0.32   0.83   9.83   0.20   0.59   0.01   0.04  99.99
  1000.00  46.57  42.97   0.31   0.81   8.61   0.17   0.52   0.01   0.03  99.99
********************************************************************************************************
T (ug/cm2)  bare    1s     2s     2p    1s²    1s2s   1s2p  1s²2s  1s²2p   tot
********************************************************************************************************
********************************************************************************************************

        End time is  04:44:00
    Elapsed time is  00:00:07 (or 7.775 sec)
             Final energy : 27.799 (MeV/u)